-1.397000 -1.397000 0.005000 7.261212
-1.197429 -1.397000 0.005000 7.674370
-0.997857 -1.397000 0.005000 7.641144
-0.798286 -1.397000 0.005000 7.368161
-0.598714 -1.397000 0.005000 7.118173
-0.399143 -1.397000 0.005000 7.038774
-0.199571 -1.397000 0.005000 6.917998
0.000000 -1.397000 0.005000 6.891976
0.199571 -1.397000 0.005000 6.930176
0.399143 -1.397000 0.005000 7.108415
0.598714 -1.397000 0.005000 7.092934
0.798286 -1.397000 0.005000 7.398238
0.997857 -1.397000 0.005000 7.582162
1.197429 -1.397000 0.005000 7.727589
1.397000 -1.397000 0.005000 7.252749
1.397000 -1.197429 0.005000 7.711977
1.197429 -1.197429 0.005000 8.119679
0.997857 -1.197429 0.005000 7.729750
0.798286 -1.197429 0.005000 7.256047
0.598714 -1.197429 0.005000 6.916416
0.399143 -1.197429 0.005000 6.672754
0.199571 -1.197429 0.005000 6.631034
0.000000 -1.197429 0.005000 6.598023
-0.199571 -1.197429 0.005000 6.496542
-0.399143 -1.197429 0.005000 6.715356
-0.598714 -1.197429 0.005000 6.898111
-0.798286 -1.197429 0.005000 7.220313
-0.997857 -1.197429 0.005000 7.667697
-1.197429 -1.197429 0.005000 8.118784
-1.397000 -1.197429 0.005000 7.759912
-1.397000 -0.997857 0.005000 7.663195
-1.197429 -0.997857 0.005000 7.743440
-0.997857 -0.997857 0.005000 6.899162
-0.798286 -0.997857 0.005000 6.016869
-0.598714 -0.997857 0.005000 5.444550
-0.399143 -0.997857 0.005000 5.128531
-0.199571 -0.997857 0.005000 5.070633
0.000000 -0.997857 0.005000 4.987603
0.199571 -0.997857 0.005000 5.105732
0.399143 -0.997857 0.005000 5.223074
0.598714 -0.997857 0.005000 5.474252
0.798286 -0.997857 0.005000 5.997281
0.997857 -0.997857 0.005000 6.804912
1.197429 -0.997857 0.005000 7.780090
1.397000 -0.997857 0.005000 7.653719
1.397000 -0.798286 0.005000 7.372923
1.197429 -0.798286 0.005000 7.174443
0.997857 -0.798286 0.005000 6.059548
0.798286 -0.798286 0.005000 5.022184
0.598714 -0.798286 0.005000 4.215336
0.399143 -0.798286 0.005000 3.849138
0.199571 -0.798286 0.005000 3.670384
0.000000 -0.798286 0.005000 3.657571
-0.199571 -0.798286 0.005000 3.679455
-0.399143 -0.798286 0.005000 3.846608
-0.598714 -0.798286 0.005000 4.253169
-0.798286 -0.798286 0.005000 4.973185
-0.997857 -0.798286 0.005000 6.067766
-1.197429 -0.798286 0.005000 7.259900
-1.397000 -0.798286 0.005000 7.369124
-1.397000 -0.598714 0.005000 7.133109
-1.197429 -0.598714 0.005000 6.851483
-0.997857 -0.598714 0.005000 5.575937
-0.798286 -0.598714 0.005000 4.226391
-0.598714 -0.598714 0.005000 3.477569
-0.399143 -0.598714 0.005000 3.043109
-0.199571 -0.598714 0.005000 2.843291
0.000000 -0.598714 0.005000 2.721334
0.199571 -0.598714 0.005000 2.795662
0.399143 -0.598714 0.005000 3.048234
0.598714 -0.598714 0.005000 3.438410
0.798286 -0.598714 0.005000 4.269254
0.997857 -0.598714 0.005000 5.423809
1.197429 -0.598714 0.005000 6.884404
1.397000 -0.598714 0.005000 7.191663
1.397000 -0.399143 0.005000 6.944860
1.197429 -0.399143 0.005000 6.650241
0.997857 -0.399143 0.005000 5.198556
0.798286 -0.399143 0.005000 3.854007
0.598714 -0.399143 0.005000 3.057773
0.399143 -0.399143 0.005000 2.523851
0.199571 -0.399143 0.005000 2.288366
0.000000 -0.399143 0.005000 2.326142
-0.199571 -0.399143 0.005000 2.338081
-0.399143 -0.399143 0.005000 2.564360
-0.598714 -0.399143 0.005000 3.046565
-0.798286 -0.399143 0.005000 3.806185
-0.997857 -0.399143 0.005000 5.287583
-1.197429 -0.399143 0.005000 6.655270
-1.397000 -0.399143 0.005000 7.046357
-1.397000 -0.199571 0.005000 6.912088
-1.197429 -0.199571 0.005000 6.561845
-0.997857 -0.199571 0.005000 5.146251
-0.798286 -0.199571 0.005000 3.674431
-0.598714 -0.199571 0.005000 2.777012
-0.399143 -0.199571 0.005000 2.386847
-0.199571 -0.199571 0.005000 2.090357
0.000000 -0.199571 0.005000 2.055422
0.199571 -0.199571 0.005000 2.123296
0.399143 -0.199571 0.005000 2.375870
0.598714 -0.199571 0.005000 2.866385
0.798286 -0.199571 0.005000 3.662637
0.997857 -0.199571 0.005000 5.088211
1.197429 -0.199571 0.005000 6.486982
1.397000 -0.199571 0.005000 6.954181
1.397000 0.000000 0.005000 6.856664
1.197429 0.000000 0.005000 6.530336
0.997857 0.000000 0.005000 5.050038
0.798286 0.000000 0.005000 3.661670
0.598714 0.000000 0.005000 2.759134
0.399143 0.000000 0.005000 2.271357
0.199571 0.000000 0.005000 2.054449
0.000000 0.000000 0.005000 1.954400
-0.199571 0.000000 0.005000 1.954085
-0.399143 0.000000 0.005000 2.276236
-0.598714 0.000000 0.005000 2.876050
-0.798286 0.000000 0.005000 3.570414
-0.997857 0.000000 0.005000 5.036332
-1.197429 0.000000 0.005000 6.445215
-1.397000 0.000000 0.005000 6.898161
-1.397000 0.199571 0.005000 6.842839
-1.197429 0.199571 0.005000 6.458801
-0.997857 0.199571 0.005000 5.145856
-0.798286 0.199571 0.005000 3.686951
-0.598714 0.199571 0.005000 2.818976
-0.399143 0.199571 0.005000 2.338251
-0.199571 0.199571 0.005000 2.147290
0.000000 0.199571 0.005000 2.067317
0.199571 0.199571 0.005000 2.107653
0.399143 0.199571 0.005000 2.292072
0.598714 0.199571 0.005000 2.807069
0.798286 0.199571 0.005000 3.746989
0.997857 0.199571 0.005000 5.014278
1.197429 0.199571 0.005000 6.559041
1.397000 0.199571 0.005000 6.889036
1.397000 0.399143 0.005000 7.019910
1.197429 0.399143 0.005000 6.718127
0.997857 0.399143 0.005000 5.210014
0.798286 0.399143 0.005000 3.921204
0.598714 0.399143 0.005000 3.040431
0.399143 0.399143 0.005000 2.624107
0.199571 0.399143 0.005000 2.331212
0.000000 0.399143 0.005000 2.281648
-0.199571 0.399143 0.005000 2.353463
-0.399143 0.399143 0.005000 2.579056
-0.598714 0.399143 0.005000 3.057760
-0.798286 0.399143 0.005000 3.904063
-0.997857 0.399143 0.005000 5.246177
-1.197429 0.399143 0.005000 6.723576
-1.397000 0.399143 0.005000 7.017997
-1.397000 0.598714 0.005000 7.120713
-1.197429 0.598714 0.005000 6.847670
-0.997857 0.598714 0.005000 5.599106
-0.798286 0.598714 0.005000 4.262962
-0.598714 0.598714 0.005000 3.431926
-0.399143 0.598714 0.005000 3.056906
-0.199571 0.598714 0.005000 2.833326
0.000000 0.598714 0.005000 2.722877
0.199571 0.598714 0.005000 2.783703
0.399143 0.598714 0.005000 3.012694
0.598714 0.598714 0.005000 3.466700
0.798286 0.598714 0.005000 4.218698
0.997857 0.598714 0.005000 5.519144
1.197429 0.598714 0.005000 6.859992
1.397000 0.598714 0.005000 7.181740
1.397000 0.798286 0.005000 7.358364
1.197429 0.798286 0.005000 7.179886
0.997857 0.798286 0.005000 6.090020
0.798286 0.798286 0.005000 4.954509
0.598714 0.798286 0.005000 4.205170
0.399143 0.798286 0.005000 3.898471
0.199571 0.798286 0.005000 3.713347
0.000000 0.798286 0.005000 3.699596
-0.199571 0.798286 0.005000 3.692905
-0.399143 0.798286 0.005000 3.924951
-0.598714 0.798286 0.005000 4.309149
-0.798286 0.798286 0.005000 4.919264
-0.997857 0.798286 0.005000 5.994151
-1.197429 0.798286 0.005000 7.257585
-1.397000 0.798286 0.005000 7.421666
-1.397000 0.997857 0.005000 7.517813
-1.197429 0.997857 0.005000 7.757240
-0.997857 0.997857 0.005000 6.815274
-0.798286 0.997857 0.005000 6.047483
-0.598714 0.997857 0.005000 5.515907
-0.399143 0.997857 0.005000 5.199300
-0.199571 0.997857 0.005000 4.969795
0.000000 0.997857 0.005000 5.017927
0.199571 0.997857 0.005000 5.050836
0.399143 0.997857 0.005000 5.230674
0.598714 0.997857 0.005000 5.475753
0.798286 0.997857 0.005000 6.055579
0.997857 0.997857 0.005000 6.983320
1.197429 0.997857 0.005000 7.720187
1.397000 0.997857 0.005000 7.583347
1.397000 1.197429 0.005000 7.708562
1.197429 1.197429 0.005000 8.053220
0.997857 1.197429 0.005000 7.810588
0.798286 1.197429 0.005000 7.205558
0.598714 1.197429 0.005000 6.838630
0.399143 1.197429 0.005000 6.573375
0.199571 1.197429 0.005000 6.465218
0.000000 1.197429 0.005000 6.576620
-0.199571 1.197429 0.005000 6.570711
-0.399143 1.197429 0.005000 6.643587
-0.598714 1.197429 0.005000 6.886352
-0.798286 1.197429 0.005000 7.207097
-0.997857 1.197429 0.005000 7.835757
-1.197429 1.197429 0.005000 8.131585
-1.397000 1.197429 0.005000 7.714304
-1.397000 1.397000 0.005000 7.292578
-1.197429 1.397000 0.005000 7.791348
-0.997857 1.397000 0.005000 7.673645
-0.798286 1.397000 0.005000 7.387011
-0.598714 1.397000 0.005000 7.197464
-0.399143 1.397000 0.005000 6.997378
-0.199571 1.397000 0.005000 6.887220
0.000000 1.397000 0.005000 6.934809
0.199571 1.397000 0.005000 6.887851
0.399143 1.397000 0.005000 7.018409
0.598714 1.397000 0.005000 7.055935
0.798286 1.397000 0.005000 7.425720
0.997857 1.397000 0.005000 7.594612
1.197429 1.397000 0.005000 7.748369
1.397000 1.397000 0.005000 7.277030
