-1.397000 -1.397000 0.005000 0.041259
-1.197429 -1.397000 0.005000 0.043560
-0.997857 -1.397000 0.005000 0.050217
-0.798286 -1.397000 0.005000 0.057979
-0.598714 -1.397000 0.005000 0.067694
-0.399143 -1.397000 0.005000 0.076773
-0.199571 -1.397000 0.005000 0.083595
0.000000 -1.397000 0.005000 0.087732
0.199571 -1.397000 0.005000 0.083580
0.399143 -1.397000 0.005000 0.076517
0.598714 -1.397000 0.005000 0.068075
0.798286 -1.397000 0.005000 0.059070
0.997857 -1.397000 0.005000 0.049833
1.197429 -1.397000 0.005000 0.043842
1.397000 -1.397000 0.005000 0.041855
1.397000 -1.197429 0.005000 0.043878
1.197429 -1.197429 0.005000 0.045346
0.997857 -1.197429 0.005000 0.052969
0.798286 -1.197429 0.005000 0.064122
0.598714 -1.197429 0.005000 0.077881
0.399143 -1.197429 0.005000 0.090896
0.199571 -1.197429 0.005000 0.101125
0.000000 -1.197429 0.005000 0.103041
-0.199571 -1.197429 0.005000 0.103914
-0.399143 -1.197429 0.005000 0.093354
-0.598714 -1.197429 0.005000 0.077475
-0.798286 -1.197429 0.005000 0.065206
-0.997857 -1.197429 0.005000 0.052119
-1.197429 -1.197429 0.005000 0.045575
-1.397000 -1.197429 0.005000 0.044093
-1.397000 -0.997857 0.005000 0.049869
-1.197429 -0.997857 0.005000 0.052993
-0.997857 -0.997857 0.005000 0.064223
-0.798286 -0.997857 0.005000 0.083765
-0.598714 -0.997857 0.005000 0.112453
-0.399143 -0.997857 0.005000 0.137645
-0.199571 -0.997857 0.005000 0.164593
0.000000 -0.997857 0.005000 0.172367
0.199571 -0.997857 0.005000 0.162791
0.399143 -0.997857 0.005000 0.136930
0.598714 -0.997857 0.005000 0.110814
0.798286 -0.997857 0.005000 0.083837
0.997857 -0.997857 0.005000 0.063873
1.197429 -0.997857 0.005000 0.052412
1.397000 -0.997857 0.005000 0.050734
1.397000 -0.798286 0.005000 0.059165
1.197429 -0.798286 0.005000 0.065509
0.997857 -0.798286 0.005000 0.086831
0.798286 -0.798286 0.005000 0.120440
0.598714 -0.798286 0.005000 0.169547
0.399143 -0.798286 0.005000 0.234843
0.199571 -0.798286 0.005000 0.291049
0.000000 -0.798286 0.005000 0.334707
-0.199571 -0.798286 0.005000 0.291595
-0.399143 -0.798286 0.005000 0.234498
-0.598714 -0.798286 0.005000 0.167165
-0.798286 -0.798286 0.005000 0.123342
-0.997857 -0.798286 0.005000 0.083155
-1.197429 -0.798286 0.005000 0.063964
-1.397000 -0.798286 0.005000 0.058717
-1.397000 -0.598714 0.005000 0.069586
-1.197429 -0.598714 0.005000 0.079383
-0.997857 -0.598714 0.005000 0.111363
-0.798286 -0.598714 0.005000 0.172816
-0.598714 -0.598714 0.005000 0.292194
-0.399143 -0.598714 0.005000 0.448266
-0.199571 -0.598714 0.005000 0.612172
0.000000 -0.598714 0.005000 0.703720
0.199571 -0.598714 0.005000 0.651327
0.399143 -0.598714 0.005000 0.436411
0.598714 -0.598714 0.005000 0.271025
0.798286 -0.598714 0.005000 0.174585
0.997857 -0.598714 0.005000 0.111265
1.197429 -0.598714 0.005000 0.080062
1.397000 -0.598714 0.005000 0.068741
1.397000 -0.399143 0.005000 0.077864
1.197429 -0.399143 0.005000 0.091725
0.997857 -0.399143 0.005000 0.139220
0.798286 -0.399143 0.005000 0.231251
0.598714 -0.399143 0.005000 0.446234
0.399143 -0.399143 0.005000 0.818484
0.199571 -0.399143 0.005000 1.412944
0.000000 -0.399143 0.005000 1.710976
-0.199571 -0.399143 0.005000 1.409527
-0.399143 -0.399143 0.005000 0.823679
-0.598714 -0.399143 0.005000 0.443960
-0.798286 -0.399143 0.005000 0.237919
-0.997857 -0.399143 0.005000 0.138623
-1.197429 -0.399143 0.005000 0.090619
-1.397000 -0.399143 0.005000 0.076857
-1.397000 -0.199571 0.005000 0.084328
-1.197429 -0.199571 0.005000 0.101770
-0.997857 -0.199571 0.005000 0.159392
-0.798286 -0.199571 0.005000 0.301231
-0.598714 -0.199571 0.005000 0.621079
-0.399143 -0.199571 0.005000 1.372517
-0.199571 -0.199571 0.005000 2.677274
0.000000 -0.199571 0.005000 3.822926
0.199571 -0.199571 0.005000 2.745335
0.399143 -0.199571 0.005000 1.366786
0.598714 -0.199571 0.005000 0.611281
0.798286 -0.199571 0.005000 0.301150
0.997857 -0.199571 0.005000 0.160102
1.197429 -0.199571 0.005000 0.102135
1.397000 -0.199571 0.005000 0.085337
1.397000 0.000000 0.005000 0.086546
1.197429 0.000000 0.005000 0.108134
0.997857 0.000000 0.005000 0.174764
0.798286 0.000000 0.005000 0.330426
0.598714 0.000000 0.005000 0.704133
0.399143 0.000000 0.005000 1.713839
0.199571 0.000000 0.005000 3.597889
0.000000 0.000000 0.005000 5.276656
-0.199571 0.000000 0.005000 3.820847
-0.399143 0.000000 0.005000 1.689078
-0.598714 0.000000 0.005000 0.713434
-0.798286 0.000000 0.005000 0.327868
-0.997857 0.000000 0.005000 0.172313
-1.197429 0.000000 0.005000 0.105030
-1.397000 0.000000 0.005000 0.086780
-1.397000 0.199571 0.005000 0.085975
-1.197429 0.199571 0.005000 0.102668
-0.997857 0.199571 0.005000 0.164924
-0.798286 0.199571 0.005000 0.291248
-0.598714 0.199571 0.005000 0.592741
-0.399143 0.199571 0.005000 1.402405
-0.199571 0.199571 0.005000 2.757068
0.000000 0.199571 0.005000 3.813217
0.199571 0.199571 0.005000 2.760381
0.399143 0.199571 0.005000 1.362284
0.598714 0.199571 0.005000 0.613601
0.798286 0.199571 0.005000 0.308423
0.997857 0.199571 0.005000 0.164049
1.197429 0.199571 0.005000 0.101121
1.397000 0.199571 0.005000 0.085297
1.397000 0.399143 0.005000 0.078853
1.197429 0.399143 0.005000 0.091288
0.997857 0.399143 0.005000 0.137553
0.798286 0.399143 0.005000 0.233216
0.598714 0.399143 0.005000 0.429215
0.399143 0.399143 0.005000 0.808265
0.199571 0.399143 0.005000 1.400626
0.000000 0.399143 0.005000 1.606569
-0.199571 0.399143 0.005000 1.396133
-0.399143 0.399143 0.005000 0.855302
-0.598714 0.399143 0.005000 0.438648
-0.798286 0.399143 0.005000 0.230948
-0.997857 0.399143 0.005000 0.141971
-1.197429 0.399143 0.005000 0.092786
-1.397000 0.399143 0.005000 0.078822
-1.397000 0.598714 0.005000 0.068179
-1.197429 0.598714 0.005000 0.078665
-0.997857 0.598714 0.005000 0.110156
-0.798286 0.598714 0.005000 0.172975
-0.598714 0.598714 0.005000 0.289687
-0.399143 0.598714 0.005000 0.442574
-0.199571 0.598714 0.005000 0.618530
0.000000 0.598714 0.005000 0.705059
0.199571 0.598714 0.005000 0.589342
0.399143 0.598714 0.005000 0.437184
0.598714 0.598714 0.005000 0.279530
0.798286 0.598714 0.005000 0.173732
0.997857 0.598714 0.005000 0.109283
1.197429 0.598714 0.005000 0.080014
1.397000 0.598714 0.005000 0.067898
1.397000 0.798286 0.005000 0.059279
1.197429 0.798286 0.005000 0.065447
0.997857 0.798286 0.005000 0.083380
0.798286 0.798286 0.005000 0.116840
0.598714 0.798286 0.005000 0.167237
0.399143 0.798286 0.005000 0.238626
0.199571 0.798286 0.005000 0.302594
0.000000 0.798286 0.005000 0.324810
-0.199571 0.798286 0.005000 0.312691
-0.399143 0.798286 0.005000 0.231989
-0.598714 0.798286 0.005000 0.168059
-0.798286 0.798286 0.005000 0.118160
-0.997857 0.798286 0.005000 0.085142
-1.197429 0.798286 0.005000 0.065620
-1.397000 0.798286 0.005000 0.059791
-1.397000 0.997857 0.005000 0.050488
-1.197429 0.997857 0.005000 0.052730
-0.997857 0.997857 0.005000 0.064540
-0.798286 0.997857 0.005000 0.084527
-0.598714 0.997857 0.005000 0.110724
-0.399143 0.997857 0.005000 0.139323
-0.199571 0.997857 0.005000 0.167238
0.000000 0.997857 0.005000 0.176483
0.199571 0.997857 0.005000 0.162663
0.399143 0.997857 0.005000 0.139034
0.598714 0.997857 0.005000 0.109243
0.798286 0.997857 0.005000 0.086126
0.997857 0.997857 0.005000 0.065758
1.197429 0.997857 0.005000 0.053161
1.397000 0.997857 0.005000 0.049769
1.397000 1.197429 0.005000 0.044395
1.197429 1.197429 0.005000 0.045941
0.997857 1.197429 0.005000 0.053159
0.798286 1.197429 0.005000 0.065956
0.598714 1.197429 0.005000 0.079625
0.399143 1.197429 0.005000 0.094562
0.199571 1.197429 0.005000 0.103751
0.000000 1.197429 0.005000 0.107150
-0.199571 1.197429 0.005000 0.102561
-0.399143 1.197429 0.005000 0.089454
-0.598714 1.197429 0.005000 0.076952
-0.798286 1.197429 0.005000 0.064650
-0.997857 1.197429 0.005000 0.054222
-1.197429 1.197429 0.005000 0.045416
-1.397000 1.197429 0.005000 0.043959
-1.397000 1.397000 0.005000 0.041882
-1.197429 1.397000 0.005000 0.044122
-0.997857 1.397000 0.005000 0.050102
-0.798286 1.397000 0.005000 0.059631
-0.598714 1.397000 0.005000 0.068926
-0.399143 1.397000 0.005000 0.076575
-0.199571 1.397000 0.005000 0.084085
0.000000 1.397000 0.005000 0.086577
0.199571 1.397000 0.005000 0.084442
0.399143 1.397000 0.005000 0.077171
0.598714 1.397000 0.005000 0.068731
0.798286 1.397000 0.005000 0.058351
0.997857 1.397000 0.005000 0.050620
1.197429 1.397000 0.005000 0.044136
1.397000 1.397000 0.005000 0.042016
