-1.397000 -1.397000 0.005000 8.417228
-1.197429 -1.397000 0.005000 9.247303
-0.997857 -1.397000 0.005000 8.761945
-0.798286 -1.397000 0.005000 9.187557
-0.598714 -1.397000 0.005000 8.752605
-0.399143 -1.397000 0.005000 8.522368
-0.199571 -1.397000 0.005000 8.849816
0.000000 -1.397000 0.005000 8.405794
0.199571 -1.397000 0.005000 9.035016
0.399143 -1.397000 0.005000 8.632374
0.598714 -1.397000 0.005000 8.700133
0.798286 -1.397000 0.005000 9.324199
0.997857 -1.397000 0.005000 8.986213
1.197429 -1.397000 0.005000 9.190294
1.397000 -1.397000 0.005000 8.435474
1.397000 -1.197429 0.005000 9.262286
1.197429 -1.197429 0.005000 10.154890
0.997857 -1.197429 0.005000 9.623830
0.798286 -1.197429 0.005000 9.571350
0.598714 -1.197429 0.005000 8.817503
0.399143 -1.197429 0.005000 8.812372
0.199571 -1.197429 0.005000 9.015252
0.000000 -1.197429 0.005000 8.488969
-0.199571 -1.197429 0.005000 9.094532
-0.399143 -1.197429 0.005000 8.734804
-0.598714 -1.197429 0.005000 8.855455
-0.798286 -1.197429 0.005000 9.788427
-0.997857 -1.197429 0.005000 9.459173
-1.197429 -1.197429 0.005000 10.154455
-1.397000 -1.197429 0.005000 9.363428
-1.397000 -0.997857 0.005000 8.912083
-1.197429 -0.997857 0.005000 9.463311
-0.997857 -0.997857 0.005000 8.102521
-0.798286 -0.997857 0.005000 7.187465
-0.598714 -0.997857 0.005000 6.397114
-0.399143 -0.997857 0.005000 6.055906
-0.199571 -0.997857 0.005000 6.223009
0.000000 -0.997857 0.005000 5.885185
0.199571 -0.997857 0.005000 6.127950
0.399143 -0.997857 0.005000 6.132841
0.598714 -0.997857 0.005000 6.426161
0.798286 -0.997857 0.005000 7.274520
0.997857 -0.997857 0.005000 8.120300
1.197429 -0.997857 0.005000 9.314814
1.397000 -0.997857 0.005000 8.803066
1.397000 -0.798286 0.005000 9.282691
1.197429 -0.798286 0.005000 9.536013
0.997857 -0.798286 0.005000 7.125516
0.798286 -0.798286 0.005000 5.202726
0.598714 -0.798286 0.005000 4.242769
0.399143 -0.798286 0.005000 3.814996
0.199571 -0.798286 0.005000 3.646826
0.000000 -0.798286 0.005000 3.672149
-0.199571 -0.798286 0.005000 3.730409
-0.399143 -0.798286 0.005000 3.805121
-0.598714 -0.798286 0.005000 4.155481
-0.798286 -0.798286 0.005000 5.219914
-0.997857 -0.798286 0.005000 7.230846
-1.197429 -0.798286 0.005000 9.670920
-1.397000 -0.798286 0.005000 9.327264
-1.397000 -0.598714 0.005000 8.863807
-1.197429 -0.598714 0.005000 9.045587
-0.997857 -0.598714 0.005000 6.561759
-0.798286 -0.598714 0.005000 4.229662
-0.598714 -0.598714 0.005000 3.154054
-0.399143 -0.598714 0.005000 2.653633
-0.199571 -0.598714 0.005000 2.413520
0.000000 -0.598714 0.005000 2.289862
0.199571 -0.598714 0.005000 2.452108
0.399143 -0.598714 0.005000 2.655406
0.598714 -0.598714 0.005000 3.160976
0.798286 -0.598714 0.005000 4.272386
0.997857 -0.598714 0.005000 6.458076
1.197429 -0.598714 0.005000 8.910522
1.397000 -0.598714 0.005000 8.874615
1.397000 -0.399143 0.005000 8.515001
1.197429 -0.399143 0.005000 8.746636
0.997857 -0.399143 0.005000 5.995390
0.798286 -0.399143 0.005000 3.836191
0.598714 -0.399143 0.005000 2.666190
0.399143 -0.399143 0.005000 2.101954
0.199571 -0.399143 0.005000 1.877344
0.000000 -0.399143 0.005000 1.843473
-0.199571 -0.399143 0.005000 1.870316
-0.399143 -0.399143 0.005000 2.125450
-0.598714 -0.399143 0.005000 2.719176
-0.798286 -0.399143 0.005000 3.829035
-0.997857 -0.399143 0.005000 6.124197
-1.197429 -0.399143 0.005000 8.597646
-1.397000 -0.399143 0.005000 8.601155
-1.397000 -0.199571 0.005000 8.938955
-1.197429 -0.199571 0.005000 8.975885
-0.997857 -0.199571 0.005000 6.126818
-0.798286 -0.199571 0.005000 3.660644
-0.598714 -0.199571 0.005000 2.443258
-0.399143 -0.199571 0.005000 1.906815
-0.199571 -0.199571 0.005000 1.663461
0.000000 -0.199571 0.005000 1.570099
0.199571 -0.199571 0.005000 1.690166
0.399143 -0.199571 0.005000 1.900642
0.598714 -0.199571 0.005000 2.447761
0.798286 -0.199571 0.005000 3.701971
0.997857 -0.199571 0.005000 6.054208
1.197429 -0.199571 0.005000 9.081890
1.397000 -0.199571 0.005000 8.990053
1.397000 0.000000 0.005000 8.206507
1.197429 0.000000 0.005000 8.449695
0.997857 0.000000 0.005000 5.854467
0.798286 0.000000 0.005000 3.519395
0.598714 0.000000 0.005000 2.385459
0.399143 0.000000 0.005000 1.831984
0.199571 0.000000 0.005000 1.585931
0.000000 0.000000 0.005000 1.481522
-0.199571 0.000000 0.005000 1.557294
-0.399143 0.000000 0.005000 1.825158
-0.598714 0.000000 0.005000 2.374052
-0.798286 0.000000 0.005000 3.620998
-0.997857 0.000000 0.005000 5.766298
-1.197429 0.000000 0.005000 8.270033
-1.397000 0.000000 0.005000 8.581552
-1.397000 0.199571 0.005000 9.065571
-1.197429 0.199571 0.005000 9.032449
-0.997857 0.199571 0.005000 6.124890
-0.798286 0.199571 0.005000 3.683903
-0.598714 0.199571 0.005000 2.504842
-0.399143 0.199571 0.005000 1.862453
-0.199571 0.199571 0.005000 1.617707
0.000000 0.199571 0.005000 1.554890
0.199571 0.199571 0.005000 1.665059
0.399143 0.199571 0.005000 1.860212
0.598714 0.199571 0.005000 2.410677
0.798286 0.199571 0.005000 3.716478
0.997857 0.199571 0.005000 6.021629
1.197429 0.199571 0.005000 9.064079
1.397000 0.199571 0.005000 8.989488
1.397000 0.399143 0.005000 8.596977
1.197429 0.399143 0.005000 8.760667
0.997857 0.399143 0.005000 6.188985
0.798286 0.399143 0.005000 3.842397
0.598714 0.399143 0.005000 2.715698
0.399143 0.399143 0.005000 2.103784
0.199571 0.399143 0.005000 1.887949
0.000000 0.399143 0.005000 1.838691
-0.199571 0.399143 0.005000 1.925907
-0.399143 0.399143 0.005000 2.123080
-0.598714 0.399143 0.005000 2.644541
-0.798286 0.399143 0.005000 3.919591
-0.997857 0.399143 0.005000 6.154193
-1.197429 0.399143 0.005000 8.735392
-1.397000 0.399143 0.005000 8.610033
-1.397000 0.598714 0.005000 8.818245
-1.197429 0.598714 0.005000 8.849697
-0.997857 0.598714 0.005000 6.342574
-0.798286 0.598714 0.005000 4.218198
-0.598714 0.598714 0.005000 3.152908
-0.399143 0.598714 0.005000 2.643305
-0.199571 0.598714 0.005000 2.470138
0.000000 0.598714 0.005000 2.408944
0.199571 0.598714 0.005000 2.409121
0.399143 0.598714 0.005000 2.671902
0.598714 0.598714 0.005000 3.183715
0.798286 0.598714 0.005000 4.220866
0.997857 0.598714 0.005000 6.434433
1.197429 0.598714 0.005000 8.852916
1.397000 0.598714 0.005000 8.830565
1.397000 0.798286 0.005000 9.132289
1.197429 0.798286 0.005000 9.639487
0.997857 0.798286 0.005000 7.347788
0.798286 0.798286 0.005000 5.085892
0.598714 0.798286 0.005000 4.219096
0.399143 0.798286 0.005000 3.907297
0.199571 0.798286 0.005000 3.598833
0.000000 0.798286 0.005000 3.667010
-0.199571 0.798286 0.005000 3.627005
-0.399143 0.798286 0.005000 3.926980
-0.598714 0.798286 0.005000 4.184814
-0.798286 0.798286 0.005000 5.284254
-0.997857 0.798286 0.005000 7.282803
-1.197429 0.798286 0.005000 9.562990
-1.397000 0.798286 0.005000 9.273713
-1.397000 0.997857 0.005000 8.869421
-1.197429 0.997857 0.005000 9.630267
-0.997857 0.997857 0.005000 8.059788
-0.798286 0.997857 0.005000 7.075539
-0.598714 0.997857 0.005000 6.470509
-0.399143 0.997857 0.005000 6.137452
-0.199571 0.997857 0.005000 6.105696
0.000000 0.997857 0.005000 5.798868
0.199571 0.997857 0.005000 6.146299
0.399143 0.997857 0.005000 6.237998
0.598714 0.997857 0.005000 6.438795
0.798286 0.997857 0.005000 7.291469
0.997857 0.997857 0.005000 8.094772
1.197429 0.997857 0.005000 9.471380
1.397000 0.997857 0.005000 8.759923
1.397000 1.197429 0.005000 9.278520
1.197429 1.197429 0.005000 10.359117
0.997857 1.197429 0.005000 9.529724
0.798286 1.197429 0.005000 9.637886
0.598714 1.197429 0.005000 8.858036
0.399143 1.197429 0.005000 8.607435
0.199571 1.197429 0.005000 9.036114
0.000000 1.197429 0.005000 8.620189
-0.199571 1.197429 0.005000 8.971285
-0.399143 1.197429 0.005000 8.952267
-0.598714 1.197429 0.005000 8.806985
-0.798286 1.197429 0.005000 9.624375
-0.997857 1.197429 0.005000 9.358578
-1.197429 1.197429 0.005000 10.247735
-1.397000 1.197429 0.005000 9.300681
-1.397000 1.397000 0.005000 8.406035
-1.197429 1.397000 0.005000 9.271830
-0.997857 1.397000 0.005000 8.726331
-0.798286 1.397000 0.005000 9.294609
-0.598714 1.397000 0.005000 8.649910
-0.399143 1.397000 0.005000 8.733013
-0.199571 1.397000 0.005000 8.933990
0.000000 1.397000 0.005000 8.474447
0.199571 1.397000 0.005000 8.939497
0.399143 1.397000 0.005000 8.777603
0.598714 1.397000 0.005000 8.834879
0.798286 1.397000 0.005000 9.101873
0.997857 1.397000 0.005000 8.879849
1.197429 1.397000 0.005000 9.177068
1.397000 1.397000 0.005000 8.508850
