-1.397000 -1.397000 0.005000 0.147807
-1.197429 -1.397000 0.005000 0.157512
-0.997857 -1.397000 0.005000 0.181816
-0.798286 -1.397000 0.005000 0.216346
-0.598714 -1.397000 0.005000 0.254430
-0.399143 -1.397000 0.005000 0.288004
-0.199571 -1.397000 0.005000 0.313100
0.000000 -1.397000 0.005000 0.327441
0.199571 -1.397000 0.005000 0.316545
0.399143 -1.397000 0.005000 0.291881
0.598714 -1.397000 0.005000 0.255389
0.798286 -1.397000 0.005000 0.218329
0.997857 -1.397000 0.005000 0.184303
1.197429 -1.397000 0.005000 0.159168
1.397000 -1.397000 0.005000 0.148485
1.397000 -1.197429 0.005000 0.159458
1.197429 -1.197429 0.005000 0.170031
0.997857 -1.197429 0.005000 0.201005
0.798286 -1.197429 0.005000 0.247303
0.598714 -1.197429 0.005000 0.303469
0.399143 -1.197429 0.005000 0.365525
0.199571 -1.197429 0.005000 0.399206
0.000000 -1.197429 0.005000 0.419484
-0.199571 -1.197429 0.005000 0.406636
-0.399143 -1.197429 0.005000 0.364785
-0.598714 -1.197429 0.005000 0.315416
-0.798286 -1.197429 0.005000 0.249477
-0.997857 -1.197429 0.005000 0.201589
-1.197429 -1.197429 0.005000 0.168003
-1.397000 -1.197429 0.005000 0.157609
-1.397000 -0.997857 0.005000 0.181792
-1.197429 -0.997857 0.005000 0.200467
-0.997857 -0.997857 0.005000 0.252663
-0.798286 -0.997857 0.005000 0.346583
-0.598714 -0.997857 0.005000 0.460985
-0.399143 -0.997857 0.005000 0.596471
-0.199571 -0.997857 0.005000 0.668965
0.000000 -0.997857 0.005000 0.714064
0.199571 -0.997857 0.005000 0.674317
0.399143 -0.997857 0.005000 0.584652
0.598714 -0.997857 0.005000 0.457647
0.798286 -0.997857 0.005000 0.339051
0.997857 -0.997857 0.005000 0.257498
1.197429 -0.997857 0.005000 0.203797
1.397000 -0.997857 0.005000 0.182771
1.397000 -0.798286 0.005000 0.217831
1.197429 -0.798286 0.005000 0.250869
0.997857 -0.798286 0.005000 0.343545
0.798286 -0.798286 0.005000 0.509888
0.598714 -0.798286 0.005000 0.767155
0.399143 -0.798286 0.005000 1.091676
0.199571 -0.798286 0.005000 1.307170
0.000000 -0.798286 0.005000 1.417219
-0.199571 -0.798286 0.005000 1.344132
-0.399143 -0.798286 0.005000 1.107854
-0.598714 -0.798286 0.005000 0.775554
-0.798286 -0.798286 0.005000 0.514743
-0.997857 -0.798286 0.005000 0.336435
-1.197429 -0.798286 0.005000 0.250598
-1.397000 -0.798286 0.005000 0.216351
-1.397000 -0.598714 0.005000 0.254841
-1.197429 -0.598714 0.005000 0.308059
-0.997857 -0.598714 0.005000 0.455008
-0.798286 -0.598714 0.005000 0.767089
-0.598714 -0.598714 0.005000 1.395310
-0.399143 -0.598714 0.005000 2.196685
-0.199571 -0.598714 0.005000 2.710483
0.000000 -0.598714 0.005000 2.862593
0.199571 -0.598714 0.005000 2.740632
0.399143 -0.598714 0.005000 2.175032
0.598714 -0.598714 0.005000 1.337562
0.798286 -0.598714 0.005000 0.780221
0.997857 -0.598714 0.005000 0.457312
1.197429 -0.598714 0.005000 0.308635
1.397000 -0.598714 0.005000 0.255211
1.397000 -0.399143 0.005000 0.295491
1.197429 -0.399143 0.005000 0.360562
0.997857 -0.399143 0.005000 0.595008
0.798286 -0.399143 0.005000 1.092204
0.598714 -0.399143 0.005000 2.122451
0.399143 -0.399143 0.005000 4.028862
0.199571 -0.399143 0.005000 5.204678
0.000000 -0.399143 0.005000 5.154902
-0.199571 -0.399143 0.005000 5.038455
-0.399143 -0.399143 0.005000 4.092804
-0.598714 -0.399143 0.005000 2.229383
-0.798286 -0.399143 0.005000 1.104875
-0.997857 -0.399143 0.005000 0.594827
-1.197429 -0.399143 0.005000 0.363131
-1.397000 -0.399143 0.005000 0.292789
-1.397000 -0.199571 0.005000 0.313796
-1.197429 -0.199571 0.005000 0.403560
-0.997857 -0.199571 0.005000 0.690642
-0.798286 -0.199571 0.005000 1.330740
-0.598714 -0.199571 0.005000 2.732550
-0.399143 -0.199571 0.005000 5.217535
-0.199571 -0.199571 0.005000 6.842251
0.000000 -0.199571 0.005000 6.697701
0.199571 -0.199571 0.005000 6.695869
0.399143 -0.199571 0.005000 5.214448
0.598714 -0.199571 0.005000 2.794799
0.798286 -0.199571 0.005000 1.317637
0.997857 -0.199571 0.005000 0.673281
1.197429 -0.199571 0.005000 0.403952
1.397000 -0.199571 0.005000 0.313989
1.397000 0.000000 0.005000 0.324538
1.197429 0.000000 0.005000 0.413461
0.997857 0.000000 0.005000 0.702318
0.798286 0.000000 0.005000 1.368480
0.598714 0.000000 0.005000 2.856104
0.399143 0.000000 0.005000 5.031991
0.199571 0.000000 0.005000 6.742869
0.000000 0.000000 0.005000 6.831887
-0.199571 0.000000 0.005000 6.608631
-0.399143 0.000000 0.005000 5.119783
-0.598714 0.000000 0.005000 2.807041
-0.798286 0.000000 0.005000 1.388781
-0.997857 0.000000 0.005000 0.719037
-1.197429 0.000000 0.005000 0.417879
-1.397000 0.000000 0.005000 0.323133
-1.397000 0.199571 0.005000 0.314772
-1.197429 0.199571 0.005000 0.404861
-0.997857 0.199571 0.005000 0.697399
-0.798286 0.199571 0.005000 1.342344
-0.598714 0.199571 0.005000 2.801917
-0.399143 0.199571 0.005000 5.273151
-0.199571 0.199571 0.005000 6.781363
0.000000 0.199571 0.005000 6.648436
0.199571 0.199571 0.005000 6.796170
0.399143 0.199571 0.005000 5.353581
0.598714 0.199571 0.005000 2.724855
0.798286 0.199571 0.005000 1.321213
0.997857 0.199571 0.005000 0.690898
1.197429 0.199571 0.005000 0.397283
1.397000 0.199571 0.005000 0.317815
1.397000 0.399143 0.005000 0.293127
1.197429 0.399143 0.005000 0.363532
0.997857 0.399143 0.005000 0.582169
0.798286 0.399143 0.005000 1.121744
0.598714 0.399143 0.005000 2.213584
0.399143 0.399143 0.005000 4.025324
0.199571 0.399143 0.005000 5.194565
0.000000 0.399143 0.005000 5.109427
-0.199571 0.399143 0.005000 5.244294
-0.399143 0.399143 0.005000 4.042884
-0.598714 0.399143 0.005000 2.185124
-0.798286 0.399143 0.005000 1.065531
-0.997857 0.399143 0.005000 0.592370
-1.197429 0.399143 0.005000 0.362895
-1.397000 0.399143 0.005000 0.290307
-1.397000 0.598714 0.005000 0.256593
-1.197429 0.598714 0.005000 0.310099
-0.997857 0.598714 0.005000 0.451785
-0.798286 0.598714 0.005000 0.773422
-0.598714 0.598714 0.005000 1.364810
-0.399143 0.598714 0.005000 2.235437
-0.199571 0.598714 0.005000 2.719731
0.000000 0.598714 0.005000 2.778172
0.199571 0.598714 0.005000 2.715825
0.399143 0.598714 0.005000 2.158284
0.598714 0.598714 0.005000 1.361632
0.798286 0.598714 0.005000 0.785615
0.997857 0.598714 0.005000 0.463770
1.197429 0.598714 0.005000 0.307266
1.397000 0.598714 0.005000 0.260363
1.397000 0.798286 0.005000 0.217945
1.197429 0.798286 0.005000 0.249111
0.997857 0.798286 0.005000 0.346867
0.798286 0.798286 0.005000 0.516142
0.598714 0.798286 0.005000 0.771492
0.399143 0.798286 0.005000 1.099751
0.199571 0.798286 0.005000 1.316089
0.000000 0.798286 0.005000 1.397757
-0.199571 0.798286 0.005000 1.379890
-0.399143 0.798286 0.005000 1.105716
-0.598714 0.798286 0.005000 0.775734
-0.798286 0.798286 0.005000 0.523097
-0.997857 0.798286 0.005000 0.345749
-1.197429 0.798286 0.005000 0.250853
-1.397000 0.798286 0.005000 0.215762
-1.397000 0.997857 0.005000 0.183020
-1.197429 0.997857 0.005000 0.198748
-0.997857 0.997857 0.005000 0.262393
-0.798286 0.997857 0.005000 0.339843
-0.598714 0.997857 0.005000 0.462154
-0.399143 0.997857 0.005000 0.582948
-0.199571 0.997857 0.005000 0.679800
0.000000 0.997857 0.005000 0.723877
0.199571 0.997857 0.005000 0.687693
0.399143 0.997857 0.005000 0.592497
0.598714 0.997857 0.005000 0.463070
0.798286 0.997857 0.005000 0.343689
0.997857 0.997857 0.005000 0.250256
1.197429 0.997857 0.005000 0.201539
1.397000 0.997857 0.005000 0.184562
1.397000 1.197429 0.005000 0.159472
1.197429 1.197429 0.005000 0.171289
0.997857 1.197429 0.005000 0.199387
0.798286 1.197429 0.005000 0.251957
0.598714 1.197429 0.005000 0.307796
0.399143 1.197429 0.005000 0.363525
0.199571 1.197429 0.005000 0.410259
0.000000 1.197429 0.005000 0.419803
-0.199571 1.197429 0.005000 0.405688
-0.399143 1.197429 0.005000 0.369685
-0.598714 1.197429 0.005000 0.305846
-0.798286 1.197429 0.005000 0.249607
-0.997857 1.197429 0.005000 0.202761
-1.197429 1.197429 0.005000 0.169339
-1.397000 1.197429 0.005000 0.159724
-1.397000 1.397000 0.005000 0.149737
-1.197429 1.397000 0.005000 0.159386
-0.997857 1.397000 0.005000 0.185096
-0.798286 1.397000 0.005000 0.217130
-0.598714 1.397000 0.005000 0.255873
-0.399143 1.397000 0.005000 0.293965
-0.199571 1.397000 0.005000 0.316211
0.000000 1.397000 0.005000 0.327377
0.199571 1.397000 0.005000 0.319312
0.399143 1.397000 0.005000 0.292945
0.598714 1.397000 0.005000 0.258181
0.798286 1.397000 0.005000 0.220472
0.997857 1.397000 0.005000 0.185983
1.197429 1.397000 0.005000 0.159042
1.397000 1.397000 0.005000 0.150357
