-1.397000 -1.397000 0.005000 0.873587
-1.197429 -1.397000 0.005000 0.983620
-0.997857 -1.397000 0.005000 1.183063
-0.798286 -1.397000 0.005000 1.403761
-0.598714 -1.397000 0.005000 1.625923
-0.399143 -1.397000 0.005000 1.753447
-0.199571 -1.397000 0.005000 1.855994
0.000000 -1.397000 0.005000 1.866976
0.199571 -1.397000 0.005000 1.850160
0.399143 -1.397000 0.005000 1.769409
0.598714 -1.397000 0.005000 1.629162
0.798286 -1.397000 0.005000 1.421546
0.997857 -1.397000 0.005000 1.194039
1.197429 -1.397000 0.005000 0.985480
1.397000 -1.397000 0.005000 0.870862
1.397000 -1.197429 0.005000 0.984033
1.197429 -1.197429 0.005000 1.154632
0.997857 -1.197429 0.005000 1.474729
0.798286 -1.197429 0.005000 1.855759
0.598714 -1.197429 0.005000 2.186591
0.399143 -1.197429 0.005000 2.405628
0.199571 -1.197429 0.005000 2.504497
0.000000 -1.197429 0.005000 2.552868
-0.199571 -1.197429 0.005000 2.458486
-0.399143 -1.197429 0.005000 2.393633
-0.598714 -1.197429 0.005000 2.190406
-0.798286 -1.197429 0.005000 1.825044
-0.997857 -1.197429 0.005000 1.475030
-1.197429 -1.197429 0.005000 1.161640
-1.397000 -1.197429 0.005000 0.986404
-1.397000 -0.997857 0.005000 1.167067
-1.197429 -0.997857 0.005000 1.485318
-0.997857 -0.997857 0.005000 2.010801
-0.798286 -0.997857 0.005000 2.739319
-0.598714 -0.997857 0.005000 3.344571
-0.399143 -0.997857 0.005000 3.676910
-0.199571 -0.997857 0.005000 3.755916
0.000000 -0.997857 0.005000 3.833063
0.199571 -0.997857 0.005000 3.770167
0.399143 -0.997857 0.005000 3.614162
0.598714 -0.997857 0.005000 3.276662
0.798286 -0.997857 0.005000 2.692175
0.997857 -0.997857 0.005000 2.024002
1.197429 -0.997857 0.005000 1.482210
1.397000 -0.997857 0.005000 1.188373
1.397000 -0.798286 0.005000 1.423544
1.197429 -0.798286 0.005000 1.872766
0.997857 -0.798286 0.005000 2.738602
0.798286 -0.798286 0.005000 3.867789
0.598714 -0.798286 0.005000 4.717070
0.399143 -0.798286 0.005000 5.153543
0.199571 -0.798286 0.005000 5.229139
0.000000 -0.798286 0.005000 5.188183
-0.199571 -0.798286 0.005000 5.228126
-0.399143 -0.798286 0.005000 5.110072
-0.598714 -0.798286 0.005000 4.678242
-0.798286 -0.798286 0.005000 3.890092
-0.997857 -0.798286 0.005000 2.751048
-1.197429 -0.798286 0.005000 1.818208
-1.397000 -0.798286 0.005000 1.408936
-1.397000 -0.598714 0.005000 1.620112
-1.197429 -0.598714 0.005000 2.170486
-0.997857 -0.598714 0.005000 3.299590
-0.798286 -0.598714 0.005000 4.763117
-0.598714 -0.598714 0.005000 5.737060
-0.399143 -0.598714 0.005000 6.002568
-0.199571 -0.598714 0.005000 5.986484
0.000000 -0.598714 0.005000 5.894656
0.199571 -0.598714 0.005000 5.937570
0.399143 -0.598714 0.005000 5.995027
0.598714 -0.598714 0.005000 5.703698
0.798286 -0.598714 0.005000 4.739954
0.997857 -0.598714 0.005000 3.268558
1.197429 -0.598714 0.005000 2.187003
1.397000 -0.598714 0.005000 1.621359
1.397000 -0.399143 0.005000 1.769644
1.197429 -0.399143 0.005000 2.427722
0.997857 -0.399143 0.005000 3.641044
0.798286 -0.399143 0.005000 5.150482
0.598714 -0.399143 0.005000 6.036957
0.399143 -0.399143 0.005000 5.899105
0.199571 -0.399143 0.005000 5.617382
0.000000 -0.399143 0.005000 5.325602
-0.199571 -0.399143 0.005000 5.539447
-0.399143 -0.399143 0.005000 5.860113
-0.598714 -0.399143 0.005000 6.054294
-0.798286 -0.399143 0.005000 5.123000
-0.997857 -0.399143 0.005000 3.624686
-1.197429 -0.399143 0.005000 2.397601
-1.397000 -0.399143 0.005000 1.767713
-1.397000 -0.199571 0.005000 1.863015
-1.197429 -0.199571 0.005000 2.517260
-0.997857 -0.199571 0.005000 3.780889
-0.798286 -0.199571 0.005000 5.233381
-0.598714 -0.199571 0.005000 5.987048
-0.399143 -0.199571 0.005000 5.538434
-0.199571 -0.199571 0.005000 4.888599
0.000000 -0.199571 0.005000 4.638698
0.199571 -0.199571 0.005000 4.951047
0.399143 -0.199571 0.005000 5.612261
0.598714 -0.199571 0.005000 6.028553
0.798286 -0.199571 0.005000 5.282983
0.997857 -0.199571 0.005000 3.776971
1.197429 -0.199571 0.005000 2.524693
1.397000 -0.199571 0.005000 1.863034
1.397000 0.000000 0.005000 1.868319
1.197429 0.000000 0.005000 2.522033
0.997857 0.000000 0.005000 3.761322
0.798286 0.000000 0.005000 5.326573
0.598714 0.000000 0.005000 5.955588
0.399143 0.000000 0.005000 5.402782
0.199571 0.000000 0.005000 4.662958
0.000000 0.000000 0.005000 4.432857
-0.199571 0.000000 0.005000 4.677401
-0.399143 0.000000 0.005000 5.432508
-0.598714 0.000000 0.005000 5.883092
-0.798286 0.000000 0.005000 5.248329
-0.997857 0.000000 0.005000 3.848862
-1.197429 0.000000 0.005000 2.570537
-1.397000 0.000000 0.005000 1.878899
-1.397000 0.199571 0.005000 1.851369
-1.197429 0.199571 0.005000 2.496340
-0.997857 0.199571 0.005000 3.738744
-0.798286 0.199571 0.005000 5.254892
-0.598714 0.199571 0.005000 6.034212
-0.399143 0.199571 0.005000 5.569990
-0.199571 0.199571 0.005000 4.944363
0.000000 0.199571 0.005000 4.607681
0.199571 0.199571 0.005000 4.934632
0.399143 0.199571 0.005000 5.505945
0.598714 0.199571 0.005000 6.003980
0.798286 0.199571 0.005000 5.259887
0.997857 0.199571 0.005000 3.770307
1.197429 0.199571 0.005000 2.491772
1.397000 0.199571 0.005000 1.847674
1.397000 0.399143 0.005000 1.778161
1.197429 0.399143 0.005000 2.370795
0.997857 0.399143 0.005000 3.565333
0.798286 0.399143 0.005000 5.168292
0.598714 0.399143 0.005000 6.055154
0.399143 0.399143 0.005000 5.972030
0.199571 0.399143 0.005000 5.591410
0.000000 0.399143 0.005000 5.408673
-0.199571 0.399143 0.005000 5.510626
-0.399143 0.399143 0.005000 5.942578
-0.598714 0.399143 0.005000 5.898466
-0.798286 0.399143 0.005000 5.097958
-0.997857 0.399143 0.005000 3.573923
-1.197429 0.399143 0.005000 2.377731
-1.397000 0.399143 0.005000 1.794385
-1.397000 0.598714 0.005000 1.633458
-1.197429 0.598714 0.005000 2.144410
-0.997857 0.598714 0.005000 3.298856
-0.798286 0.598714 0.005000 4.775899
-0.598714 0.598714 0.005000 5.808194
-0.399143 0.598714 0.005000 5.995347
-0.199571 0.598714 0.005000 6.016042
0.000000 0.598714 0.005000 5.888801
0.199571 0.598714 0.005000 5.946606
0.399143 0.598714 0.005000 6.119903
0.598714 0.598714 0.005000 5.757834
0.798286 0.598714 0.005000 4.776084
0.997857 0.598714 0.005000 3.280633
1.197429 0.598714 0.005000 2.187184
1.397000 0.598714 0.005000 1.628978
1.397000 0.798286 0.005000 1.417874
1.197429 0.798286 0.005000 1.854456
0.997857 0.798286 0.005000 2.726863
0.798286 0.798286 0.005000 3.927615
0.598714 0.798286 0.005000 4.781280
0.399143 0.798286 0.005000 5.098609
0.199571 0.798286 0.005000 5.260760
0.000000 0.798286 0.005000 5.309908
-0.199571 0.798286 0.005000 5.216873
-0.399143 0.798286 0.005000 5.058887
-0.598714 0.798286 0.005000 4.792002
-0.798286 0.798286 0.005000 3.886616
-0.997857 0.798286 0.005000 2.676515
-1.197429 0.798286 0.005000 1.884572
-1.397000 0.798286 0.005000 1.420235
-1.397000 0.997857 0.005000 1.202624
-1.197429 0.997857 0.005000 1.481647
-0.997857 0.997857 0.005000 2.057902
-0.798286 0.997857 0.005000 2.744407
-0.598714 0.997857 0.005000 3.327687
-0.399143 0.997857 0.005000 3.620834
-0.199571 0.997857 0.005000 3.789531
0.000000 0.997857 0.005000 3.727213
0.199571 0.997857 0.005000 3.729694
0.399143 0.997857 0.005000 3.690994
0.598714 0.997857 0.005000 3.294387
0.798286 0.997857 0.005000 2.701122
0.997857 0.997857 0.005000 2.006010
1.197429 0.997857 0.005000 1.480285
1.397000 0.997857 0.005000 1.206563
1.397000 1.197429 0.005000 0.996216
1.197429 1.197429 0.005000 1.179279
0.997857 1.197429 0.005000 1.476422
0.798286 1.197429 0.005000 1.855030
0.598714 1.197429 0.005000 2.166273
0.399143 1.197429 0.005000 2.372741
0.199571 1.197429 0.005000 2.510178
0.000000 1.197429 0.005000 2.534752
-0.199571 1.197429 0.005000 2.515784
-0.399143 1.197429 0.005000 2.386071
-0.598714 1.197429 0.005000 2.204137
-0.798286 1.197429 0.005000 1.887159
-0.997857 1.197429 0.005000 1.466610
-1.197429 1.197429 0.005000 1.165780
-1.397000 1.197429 0.005000 0.991713
-1.397000 1.397000 0.005000 0.875207
-1.197429 1.397000 0.005000 1.004148
-0.997857 1.397000 0.005000 1.176416
-0.798286 1.397000 0.005000 1.433547
-0.598714 1.397000 0.005000 1.627585
-0.399143 1.397000 0.005000 1.766873
-0.199571 1.397000 0.005000 1.862278
0.000000 1.397000 0.005000 1.878949
0.199571 1.397000 0.005000 1.860835
0.399143 1.397000 0.005000 1.792990
0.598714 1.397000 0.005000 1.634034
0.798286 1.397000 0.005000 1.417288
0.997857 1.397000 0.005000 1.196018
1.197429 1.397000 0.005000 0.994541
1.397000 1.397000 0.005000 0.875615
