-1.397000 -1.397000 0.005000 0.429863
-1.197429 -1.397000 0.005000 0.480898
-0.997857 -1.397000 0.005000 0.571666
-0.798286 -1.397000 0.005000 0.688901
-0.598714 -1.397000 0.005000 0.809653
-0.399143 -1.397000 0.005000 0.914786
-0.199571 -1.397000 0.005000 0.970279
0.000000 -1.397000 0.005000 1.008874
0.199571 -1.397000 0.005000 0.980374
0.399143 -1.397000 0.005000 0.917231
0.598714 -1.397000 0.005000 0.823861
0.798286 -1.397000 0.005000 0.695539
0.997857 -1.397000 0.005000 0.581969
1.197429 -1.397000 0.005000 0.479366
1.397000 -1.397000 0.005000 0.436429
1.397000 -1.197429 0.005000 0.480060
1.197429 -1.197429 0.005000 0.544734
0.997857 -1.197429 0.005000 0.692220
0.798286 -1.197429 0.005000 0.906790
0.598714 -1.197429 0.005000 1.106620
0.399143 -1.197429 0.005000 1.261698
0.199571 -1.197429 0.005000 1.354515
0.000000 -1.197429 0.005000 1.387561
-0.199571 -1.197429 0.005000 1.358461
-0.399143 -1.197429 0.005000 1.249096
-0.598714 -1.197429 0.005000 1.094604
-0.798286 -1.197429 0.005000 0.889426
-0.997857 -1.197429 0.005000 0.681013
-1.197429 -1.197429 0.005000 0.538443
-1.397000 -1.197429 0.005000 0.476290
-1.397000 -0.997857 0.005000 0.575304
-1.197429 -0.997857 0.005000 0.679615
-0.997857 -0.997857 0.005000 0.950583
-0.798286 -0.997857 0.005000 1.421930
-0.598714 -0.997857 0.005000 1.968626
-0.399143 -0.997857 0.005000 2.237318
-0.199571 -0.997857 0.005000 2.455298
0.000000 -0.997857 0.005000 2.522916
0.199571 -0.997857 0.005000 2.428342
0.399143 -0.997857 0.005000 2.206992
0.598714 -0.997857 0.005000 1.923531
0.798286 -0.997857 0.005000 1.417153
0.997857 -0.997857 0.005000 0.970114
1.197429 -0.997857 0.005000 0.683453
1.397000 -0.997857 0.005000 0.576753
1.397000 -0.798286 0.005000 0.687970
1.197429 -0.798286 0.005000 0.901596
0.997857 -0.798286 0.005000 1.413474
0.798286 -0.798286 0.005000 2.457008
0.598714 -0.798286 0.005000 3.711843
0.399143 -0.798286 0.005000 4.371574
0.199571 -0.798286 0.005000 4.723274
0.000000 -0.798286 0.005000 4.819241
-0.199571 -0.798286 0.005000 4.607647
-0.399143 -0.798286 0.005000 4.321321
-0.598714 -0.798286 0.005000 3.740734
-0.798286 -0.798286 0.005000 2.449862
-0.997857 -0.798286 0.005000 1.438139
-1.197429 -0.798286 0.005000 0.893117
-1.397000 -0.798286 0.005000 0.694536
-1.397000 -0.598714 0.005000 0.812424
-1.197429 -0.598714 0.005000 1.123421
-0.997857 -0.598714 0.005000 1.934601
-0.798286 -0.598714 0.005000 3.834013
-0.598714 -0.598714 0.005000 6.443649
-0.399143 -0.598714 0.005000 7.412106
-0.199571 -0.598714 0.005000 7.179746
0.000000 -0.598714 0.005000 7.866459
0.199571 -0.598714 0.005000 7.270971
0.399143 -0.598714 0.005000 7.229726
0.598714 -0.598714 0.005000 6.341638
0.798286 -0.598714 0.005000 3.854790
0.997857 -0.598714 0.005000 1.934826
1.197429 -0.598714 0.005000 1.099510
1.397000 -0.598714 0.005000 0.810348
1.397000 -0.399143 0.005000 0.920147
1.197429 -0.399143 0.005000 1.253086
0.997857 -0.399143 0.005000 2.261046
0.798286 -0.399143 0.005000 4.360680
0.598714 -0.399143 0.005000 7.268521
0.399143 -0.399143 0.005000 8.347757
0.199571 -0.399143 0.005000 8.059845
0.000000 -0.399143 0.005000 8.538586
-0.199571 -0.399143 0.005000 8.104309
-0.399143 -0.399143 0.005000 8.335273
-0.598714 -0.399143 0.005000 7.304931
-0.798286 -0.399143 0.005000 4.331635
-0.997857 -0.399143 0.005000 2.242555
-1.197429 -0.399143 0.005000 1.243291
-1.397000 -0.399143 0.005000 0.912835
-1.397000 -0.199571 0.005000 0.991280
-1.197429 -0.199571 0.005000 1.368770
-0.997857 -0.199571 0.005000 2.409625
-0.798286 -0.199571 0.005000 4.604992
-0.598714 -0.199571 0.005000 7.338030
-0.399143 -0.199571 0.005000 8.008186
-0.199571 -0.199571 0.005000 6.970025
0.000000 -0.199571 0.005000 6.705531
0.199571 -0.199571 0.005000 7.095630
0.399143 -0.199571 0.005000 8.104356
0.598714 -0.199571 0.005000 7.440306
0.798286 -0.199571 0.005000 4.491759
0.997857 -0.199571 0.005000 2.397863
1.197429 -0.199571 0.005000 1.365594
1.397000 -0.199571 0.005000 0.978116
1.397000 0.000000 0.005000 1.008076
1.197429 0.000000 0.005000 1.367582
0.997857 0.000000 0.005000 2.414186
0.798286 0.000000 0.005000 4.746578
0.598714 0.000000 0.005000 8.063183
0.399143 0.000000 0.005000 8.550305
0.199571 0.000000 0.005000 6.801951
0.000000 0.000000 0.005000 6.026884
-0.199571 0.000000 0.005000 6.873075
-0.399143 0.000000 0.005000 8.425915
-0.598714 0.000000 0.005000 7.981852
-0.798286 0.000000 0.005000 4.697338
-0.997857 0.000000 0.005000 2.438605
-1.197429 0.000000 0.005000 1.406581
-1.397000 0.000000 0.005000 0.995235
-1.397000 0.199571 0.005000 0.984434
-1.197429 0.199571 0.005000 1.355720
-0.997857 0.199571 0.005000 2.417833
-0.798286 0.199571 0.005000 4.530790
-0.598714 0.199571 0.005000 7.187149
-0.399143 0.199571 0.005000 8.136100
-0.199571 0.199571 0.005000 7.079930
0.000000 0.199571 0.005000 6.774713
0.199571 0.199571 0.005000 7.181552
0.399143 0.199571 0.005000 8.243690
0.598714 0.199571 0.005000 7.380462
0.798286 0.199571 0.005000 4.440110
0.997857 0.199571 0.005000 2.455129
1.197429 0.199571 0.005000 1.358075
1.397000 0.199571 0.005000 0.981490
1.397000 0.399143 0.005000 0.928619
1.197429 0.399143 0.005000 1.258839
0.997857 0.399143 0.005000 2.274607
0.798286 0.399143 0.005000 4.457632
0.598714 0.399143 0.005000 7.306292
0.399143 0.399143 0.005000 8.329400
0.199571 0.399143 0.005000 8.055334
0.000000 0.399143 0.005000 8.376895
-0.199571 0.399143 0.005000 8.060515
-0.399143 0.399143 0.005000 8.444254
-0.598714 0.399143 0.005000 7.344486
-0.798286 0.399143 0.005000 4.334855
-0.997857 0.399143 0.005000 2.265048
-1.197429 0.399143 0.005000 1.269053
-1.397000 0.399143 0.005000 0.914084
-1.397000 0.598714 0.005000 0.817693
-1.197429 0.598714 0.005000 1.109963
-0.997857 0.598714 0.005000 1.948922
-0.798286 0.598714 0.005000 3.707004
-0.598714 0.598714 0.005000 6.318080
-0.399143 0.598714 0.005000 7.417169
-0.199571 0.598714 0.005000 7.504201
0.000000 0.598714 0.005000 7.921088
0.199571 0.598714 0.005000 7.225293
0.399143 0.598714 0.005000 7.258249
0.598714 0.598714 0.005000 6.362447
0.798286 0.598714 0.005000 3.826365
0.997857 0.598714 0.005000 1.926816
1.197429 0.598714 0.005000 1.118056
1.397000 0.598714 0.005000 0.819763
1.397000 0.798286 0.005000 0.687558
1.197429 0.798286 0.005000 0.907408
0.997857 0.798286 0.005000 1.412795
0.798286 0.798286 0.005000 2.450048
0.598714 0.798286 0.005000 3.840692
0.399143 0.798286 0.005000 4.288491
0.199571 0.798286 0.005000 4.495210
0.000000 0.798286 0.005000 4.748169
-0.199571 0.798286 0.005000 4.548698
-0.399143 0.798286 0.005000 4.366759
-0.598714 0.798286 0.005000 3.714679
-0.798286 0.798286 0.005000 2.402966
-0.997857 0.798286 0.005000 1.388646
-1.197429 0.798286 0.005000 0.889063
-1.397000 0.798286 0.005000 0.698544
-1.397000 0.997857 0.005000 0.578598
-1.197429 0.997857 0.005000 0.683446
-0.997857 0.997857 0.005000 0.969595
-0.798286 0.997857 0.005000 1.413380
-0.598714 0.997857 0.005000 1.912134
-0.399143 0.997857 0.005000 2.252625
-0.199571 0.997857 0.005000 2.437849
0.000000 0.997857 0.005000 2.453723
0.199571 0.997857 0.005000 2.407174
0.399143 0.997857 0.005000 2.266346
0.598714 0.997857 0.005000 1.948528
0.798286 0.997857 0.005000 1.452661
0.997857 0.997857 0.005000 0.946694
1.197429 0.997857 0.005000 0.672751
1.397000 0.997857 0.005000 0.571228
1.397000 1.197429 0.005000 0.478151
1.197429 1.197429 0.005000 0.542336
0.997857 1.197429 0.005000 0.671041
0.798286 1.197429 0.005000 0.907554
0.598714 1.197429 0.005000 1.108329
0.399143 1.197429 0.005000 1.252225
0.199571 1.197429 0.005000 1.382258
0.000000 1.197429 0.005000 1.363632
-0.199571 1.197429 0.005000 1.385482
-0.399143 1.197429 0.005000 1.276500
-0.598714 1.197429 0.005000 1.101347
-0.798286 1.197429 0.005000 0.876795
-0.997857 1.197429 0.005000 0.684191
-1.197429 1.197429 0.005000 0.539272
-1.397000 1.197429 0.005000 0.482430
-1.397000 1.397000 0.005000 0.434422
-1.197429 1.397000 0.005000 0.479183
-0.997857 1.397000 0.005000 0.576340
-0.798286 1.397000 0.005000 0.700856
-0.598714 1.397000 0.005000 0.825295
-0.399143 1.397000 0.005000 0.918990
-0.199571 1.397000 0.005000 0.983504
0.000000 1.397000 0.005000 1.004431
0.199571 1.397000 0.005000 0.969462
0.399143 1.397000 0.005000 0.928693
0.598714 1.397000 0.005000 0.814498
0.798286 1.397000 0.005000 0.700807
0.997857 1.397000 0.005000 0.572992
1.197429 1.397000 0.005000 0.480679
1.397000 1.397000 0.005000 0.440170
