-1.397000 -1.397000 0.005000 1.714995
-1.197429 -1.397000 0.005000 2.052435
-0.997857 -1.397000 0.005000 2.447235
-0.798286 -1.397000 0.005000 2.798788
-0.598714 -1.397000 0.005000 3.063621
-0.399143 -1.397000 0.005000 3.160871
-0.199571 -1.397000 0.005000 3.210641
0.000000 -1.397000 0.005000 3.229458
0.199571 -1.397000 0.005000 3.239219
0.399143 -1.397000 0.005000 3.158012
0.598714 -1.397000 0.005000 3.082780
0.798286 -1.397000 0.005000 2.819122
0.997857 -1.397000 0.005000 2.484418
1.197429 -1.397000 0.005000 2.063329
1.397000 -1.397000 0.005000 1.688128
1.397000 -1.197429 0.005000 2.031614
1.197429 -1.197429 0.005000 2.547714
0.997857 -1.197429 0.005000 3.277948
0.798286 -1.197429 0.005000 3.887675
0.598714 -1.197429 0.005000 4.157591
0.399143 -1.197429 0.005000 4.189224
0.199571 -1.197429 0.005000 4.183372
0.000000 -1.197429 0.005000 4.275481
-0.199571 -1.197429 0.005000 4.223130
-0.399143 -1.197429 0.005000 4.221274
-0.598714 -1.197429 0.005000 4.122502
-0.798286 -1.197429 0.005000 3.829351
-0.997857 -1.197429 0.005000 3.283647
-1.197429 -1.197429 0.005000 2.552594
-1.397000 -1.197429 0.005000 2.075697
-1.397000 -0.997857 0.005000 2.463839
-1.197429 -0.997857 0.005000 3.295824
-0.997857 -0.997857 0.005000 4.397526
-0.798286 -0.997857 0.005000 5.185332
-0.598714 -0.997857 0.005000 5.469605
-0.399143 -0.997857 0.005000 5.524138
-0.199571 -0.997857 0.005000 5.525771
0.000000 -0.997857 0.005000 5.474311
0.199571 -0.997857 0.005000 5.472979
0.399143 -0.997857 0.005000 5.452957
0.598714 -0.997857 0.005000 5.411773
0.798286 -0.997857 0.005000 5.137649
0.997857 -0.997857 0.005000 4.370181
1.197429 -0.997857 0.005000 3.279010
1.397000 -0.997857 0.005000 2.459914
1.397000 -0.798286 0.005000 2.823531
1.197429 -0.798286 0.005000 3.835838
0.997857 -0.798286 0.005000 5.203203
0.798286 -0.798286 0.005000 6.010835
0.598714 -0.798286 0.005000 6.147484
0.399143 -0.798286 0.005000 6.029962
0.199571 -0.798286 0.005000 5.789066
0.000000 -0.798286 0.005000 5.721919
-0.199571 -0.798286 0.005000 5.842350
-0.399143 -0.798286 0.005000 5.965080
-0.598714 -0.798286 0.005000 6.104197
-0.798286 -0.798286 0.005000 5.951799
-0.997857 -0.798286 0.005000 5.149108
-1.197429 -0.798286 0.005000 3.818061
-1.397000 -0.798286 0.005000 2.826794
-1.397000 -0.598714 0.005000 3.059058
-1.197429 -0.598714 0.005000 4.118932
-0.997857 -0.598714 0.005000 5.452173
-0.798286 -0.598714 0.005000 6.073404
-0.598714 -0.598714 0.005000 5.844268
-0.399143 -0.598714 0.005000 5.301221
-0.199571 -0.598714 0.005000 4.955563
0.000000 -0.598714 0.005000 4.870502
0.199571 -0.598714 0.005000 4.901052
0.399143 -0.598714 0.005000 5.316085
0.598714 -0.598714 0.005000 5.756970
0.798286 -0.598714 0.005000 6.107734
0.997857 -0.598714 0.005000 5.391586
1.197429 -0.598714 0.005000 4.152757
1.397000 -0.598714 0.005000 3.097663
1.397000 -0.399143 0.005000 3.145020
1.197429 -0.399143 0.005000 4.261487
0.997857 -0.399143 0.005000 5.584390
0.798286 -0.399143 0.005000 5.931771
0.598714 -0.399143 0.005000 5.278766
0.399143 -0.399143 0.005000 4.418008
0.199571 -0.399143 0.005000 3.959512
0.000000 -0.399143 0.005000 3.802214
-0.199571 -0.399143 0.005000 3.940997
-0.399143 -0.399143 0.005000 4.457004
-0.598714 -0.399143 0.005000 5.308098
-0.798286 -0.399143 0.005000 6.005597
-0.997857 -0.399143 0.005000 5.558577
-1.197429 -0.399143 0.005000 4.256849
-1.397000 -0.399143 0.005000 3.210230
-1.397000 -0.199571 0.005000 3.189106
-1.197429 -0.199571 0.005000 4.298151
-0.997857 -0.199571 0.005000 5.464865
-0.798286 -0.199571 0.005000 5.767740
-0.598714 -0.199571 0.005000 5.002465
-0.399143 -0.199571 0.005000 3.969213
-0.199571 -0.199571 0.005000 3.370004
0.000000 -0.199571 0.005000 3.151687
0.199571 -0.199571 0.005000 3.313486
0.399143 -0.199571 0.005000 3.915949
0.598714 -0.199571 0.005000 4.971472
0.798286 -0.199571 0.005000 5.789848
0.997857 -0.199571 0.005000 5.453568
1.197429 -0.199571 0.005000 4.332361
1.397000 -0.199571 0.005000 3.234781
1.397000 0.000000 0.005000 3.242380
1.197429 0.000000 0.005000 4.306885
0.997857 0.000000 0.005000 5.551703
0.798286 0.000000 0.005000 5.713964
0.598714 0.000000 0.005000 4.853030
0.399143 0.000000 0.005000 3.776723
0.199571 0.000000 0.005000 3.136323
0.000000 0.000000 0.005000 2.989399
-0.199571 0.000000 0.005000 3.118183
-0.399143 0.000000 0.005000 3.766285
-0.598714 0.000000 0.005000 4.863977
-0.798286 0.000000 0.005000 5.783239
-0.997857 0.000000 0.005000 5.476724
-1.197429 0.000000 0.005000 4.332214
-1.397000 0.000000 0.005000 3.234714
-1.397000 0.199571 0.005000 3.192050
-1.197429 0.199571 0.005000 4.211590
-0.997857 0.199571 0.005000 5.501511
-0.798286 0.199571 0.005000 5.742255
-0.598714 0.199571 0.005000 4.946894
-0.399143 0.199571 0.005000 3.911269
-0.199571 0.199571 0.005000 3.352047
0.000000 0.199571 0.005000 3.184708
0.199571 0.199571 0.005000 3.344516
0.399143 0.199571 0.005000 3.899842
0.598714 0.199571 0.005000 4.838498
0.798286 0.199571 0.005000 5.801487
0.997857 0.199571 0.005000 5.444006
1.197429 0.199571 0.005000 4.221423
1.397000 0.199571 0.005000 3.192339
1.397000 0.399143 0.005000 3.222779
1.197429 0.399143 0.005000 4.202444
0.997857 0.399143 0.005000 5.549278
0.798286 0.399143 0.005000 5.927963
0.598714 0.399143 0.005000 5.296723
0.399143 0.399143 0.005000 4.442421
0.199571 0.399143 0.005000 3.983476
0.000000 0.399143 0.005000 3.743727
-0.199571 0.399143 0.005000 3.922468
-0.399143 0.399143 0.005000 4.408151
-0.598714 0.399143 0.005000 5.262053
-0.798286 0.399143 0.005000 6.013526
-0.997857 0.399143 0.005000 5.547701
-1.197429 0.399143 0.005000 4.304572
-1.397000 0.399143 0.005000 3.195840
-1.397000 0.598714 0.005000 3.017225
-1.197429 0.598714 0.005000 4.088695
-0.997857 0.598714 0.005000 5.458455
-0.798286 0.598714 0.005000 6.100770
-0.598714 0.598714 0.005000 5.751393
-0.399143 0.598714 0.005000 5.304490
-0.199571 0.598714 0.005000 4.924850
0.000000 0.598714 0.005000 4.826925
0.199571 0.598714 0.005000 4.971493
0.399143 0.598714 0.005000 5.209023
0.598714 0.598714 0.005000 5.880806
0.798286 0.598714 0.005000 6.085031
0.997857 0.598714 0.005000 5.465344
1.197429 0.598714 0.005000 4.106500
1.397000 0.598714 0.005000 3.029033
1.397000 0.798286 0.005000 2.820533
1.197429 0.798286 0.005000 3.774557
0.997857 0.798286 0.005000 5.149113
0.798286 0.798286 0.005000 5.948057
0.598714 0.798286 0.005000 6.052447
0.399143 0.798286 0.005000 5.930850
0.199571 0.798286 0.005000 5.816532
0.000000 0.798286 0.005000 5.766820
-0.199571 0.798286 0.005000 5.751454
-0.399143 0.798286 0.005000 5.907744
-0.598714 0.798286 0.005000 6.081839
-0.798286 0.798286 0.005000 5.991741
-0.997857 0.798286 0.005000 5.187451
-1.197429 0.798286 0.005000 3.764797
-1.397000 0.798286 0.005000 2.883992
-1.397000 0.997857 0.005000 2.445967
-1.197429 0.997857 0.005000 3.307706
-0.997857 0.997857 0.005000 4.423759
-0.798286 0.997857 0.005000 5.213607
-0.598714 0.997857 0.005000 5.475021
-0.399143 0.997857 0.005000 5.547429
-0.199571 0.997857 0.005000 5.485176
0.000000 0.997857 0.005000 5.555459
0.199571 0.997857 0.005000 5.518938
0.399143 0.997857 0.005000 5.549291
0.598714 0.997857 0.005000 5.392572
0.798286 0.997857 0.005000 5.194730
0.997857 0.997857 0.005000 4.394936
1.197429 0.997857 0.005000 3.286320
1.397000 0.997857 0.005000 2.486256
1.397000 1.197429 0.005000 2.067946
1.197429 1.197429 0.005000 2.561609
0.997857 1.197429 0.005000 3.277069
0.798286 1.197429 0.005000 3.805051
0.598714 1.197429 0.005000 4.119781
0.399143 1.197429 0.005000 4.310564
0.199571 1.197429 0.005000 4.228775
0.000000 1.197429 0.005000 4.273311
-0.199571 1.197429 0.005000 4.259894
-0.399143 1.197429 0.005000 4.288295
-0.598714 1.197429 0.005000 4.138546
-0.798286 1.197429 0.005000 3.780833
-0.997857 1.197429 0.005000 3.243897
-1.197429 1.197429 0.005000 2.516475
-1.397000 1.197429 0.005000 2.023050
-1.397000 1.397000 0.005000 1.698880
-1.197429 1.397000 0.005000 2.045777
-0.997857 1.397000 0.005000 2.456926
-0.798286 1.397000 0.005000 2.841908
-0.598714 1.397000 0.005000 3.058340
-0.399143 1.397000 0.005000 3.219412
-0.199571 1.397000 0.005000 3.236311
0.000000 1.397000 0.005000 3.226585
0.199571 1.397000 0.005000 3.176874
0.399143 1.397000 0.005000 3.163622
0.598714 1.397000 0.005000 3.048950
0.798286 1.397000 0.005000 2.852581
0.997857 1.397000 0.005000 2.458418
1.197429 1.397000 0.005000 2.008826
1.397000 1.397000 0.005000 1.708969
