11.7643
14.5168
13.4457
10.6856
22.8737
9.55843
7.87576
11.75
12.5887
14.0505
11.8662
8.74137
9.6718
14.0521
11.3033
37.4667
15.1066
17.6246
34.0935
10.0312
10.5738
8.23261
18.4629
16.1632
23.8319
10.8695
16.8992
12.9166
18.1981
12.3898
20.3065
9.8363
19.7911
10.8884
11.2995
10.0579
11.0237
11.722
15.1121
11.6359
12.3421
12.1077
13.9725
11.5194
7.81925
12.6934
16.2631
10.1951
10.4969
8.65762
10.3608
8.67009
9.3476
9.48548
8.70484
10.1743
12.2212
13.1113
10.9962
10.6317
10.5949
9.84521
8.893
9.32188
10.1726
11.4252
9.3395
9.46441
8.723
9.40718
9.48883
10.0217
9.82345
10.6934
8.62688
7.69444
13.722
8.87556
9.67238
9.02147
8.44636
9.29412
8.63699
8.48403
31.3761
9.12097
10.0541
15.0303
21.2306
10.2194
9.92114
16.9293
15.5375
12.394
10.5703
8.40091
9.32848
8.43221
8.36808
8.1717
9.03099
8.28582
9.6215
9.01863
12.1555
12.5509
10.0076
25.9244
14.7295
8.72256
8.35286
15.1927
10.57
17.1503
9.77016
8.64384
8.56095
8.86831
14.2974
37.7386
14.0181
16.4533
9.34532
8.57802
9.66129
12.3692
8.94346
8.71979
8.53424
8.43303
8.38208
8.77596
24.7865
19.2361
9.19137
11.2019
10.437
11.374
10.1172
9.57787
8.52116
17.7163
10.3906
8.46336
8.53537
8.67532
8.99604
10.0939
11.0858
11.1374
10.9401
12.1236
11.7062
13.0018
10.7285
8.44122
8.66507
8.50048
8.3282
8.39999
8.57117
11.1334
10.9784
8.49845
10.4322
19.1841
13.8824
10.831
9.30193
16.069
62.9822
8.9866
8.61549
8.78621
10.0354
15.2884
9.36797
10.3339
9.64594
14.401
10.1118
11.8308
19.7441
14.0185
11.5674
10.2368
9.09788
12.7379
13.0237
12.4579
27.9392
21.9861
11.2688
11.6603
10.8973
12.8777
14.1347
14.0997
10.7527
22.3615
11.5955
10.3466
13.7959
15.1626
13.7521
11.5565
13.0381
10.7334
11.7834
15.8294
9.60644
18.0783
14.4052
12.4452
13.7368
11.0384
8.85097
10.7662
11.504
14.9099
9.93262
12.5238
9.30271
37.8467
11.6086
