1410.32
1398.17
1297.53
1290.53
1256.06
1231.12
1247.48
1242.61
1220.34
1359.79
1235.68
1291.46
1308.37
1412.26
1420.84
1390.4
1351.5
1283.29
1201.49
1157.28
1127.63
1126.7
1263.65
1147.47
1195.48
1137.75
1165.23
1239.23
1340.46
1409.87
1393.7
1213.23
1124.03
1157.33
1047.19
1029.17
1042.99
1022.63
1046.27
1037.19
1088.25
1074.77
1131.1
1225.98
1295.48
1269.7
1172.31
1072.68
1027.21
991.216
989.616
978.555
973.721
982.133
978.956
994.173
1021.33
1076.24
1198.99
1257.96
1247.75
1159.38
1088.54
988.222
966.798
971.006
949.703
945.29
955.275
961.658
965.081
1015.79
1068.95
1138.59
1233.74
1233.85
1169.81
1032.77
999.103
1020.06
936.025
925.762
928.037
935.792
941.031
960.742
984.58
1035.18
1188.56
1271.12
1223.05
1142.73
1034.93
995.248
955.478
931.158
929.233
920.901
925.369
931.203
944.975
1010.88
1028.32
1208.99
1235.77
1218.2
1139.46
1046.06
982.679
961.263
930.337
950.878
935.458
921.93
932.437
950.955
980.476
1031.72
1121.61
1212.92
1235.65
1126.35
1026.61
980.01
945.949
931.075
928.39
933.81
925.545
931.308
943.644
1003.14
1024.32
1128.78
1227.08
1226.27
1135.01
1054.92
1026.42
954.824
937.143
927.424
935.856
932.63
942.19
956.42
1008.7
1038.05
1133.19
1224.07
1309.6
1150.22
1049.47
995.701
972.666
952.29
990.471
945.135
975.251
952.456
976.606
1014.05
1054.48
1151.54
1267.4
1272.66
1247.86
1085.2
1029.45
1002.81
1145.14
1004.39
976.096
996.049
986.195
990.935
1048.92
1075.31
1175.48
1275.86
1340.34
1239.67
1144.59
1071.15
1054.9
1054.16
1029.91
1048.1
1044.89
1087.88
1063.19
1201.67
1123.44
1226.39
1310.07
1380.57
1342.76
1211.54
1174.82
1155.74
1146.91
1138.05
1114.42
1150.96
1158.03
1197.02
1165.23
1248.72
1455.68
1474.51
1419.74
1389.47
1296.86
1262.25
1231.34
1225.56
1250.64
1218.28
1237.56
1235.15
1245.04
1278.24
1315.82
1380.12
1438.03
