-3.530600 -1.701800 0.005000 1155.508250
-3.026229 -1.701800 0.005000 1161.111937
-2.521857 -1.701800 0.005000 1120.308812
-2.017486 -1.701800 0.005000 1132.851187
-1.513114 -1.701800 0.005000 1188.570000
-1.008743 -1.701800 0.005000 1203.713062
-0.504371 -1.701800 0.005000 1157.546500
0.000000 -1.701800 0.005000 1108.942375
0.504371 -1.701800 0.005000 1157.546500
1.008743 -1.701800 0.005000 1203.713062
1.513114 -1.701800 0.005000 1184.922000
2.017486 -1.701800 0.005000 1132.851187
2.521857 -1.701800 0.005000 1120.308812
3.026229 -1.701800 0.005000 1161.111937
3.530600 -1.701800 0.005000 1157.187750
3.530600 -1.458686 0.005000 1031.587750
3.026229 -1.458686 0.005000 1139.127062
2.521857 -1.458686 0.005000 1190.711625
2.017486 -1.458686 0.005000 1177.416875
1.513114 -1.458686 0.005000 1168.364250
1.008743 -1.458686 0.005000 1167.802563
0.504371 -1.458686 0.005000 1175.696438
0.000000 -1.458686 0.005000 1199.034500
-0.504371 -1.458686 0.005000 1175.696438
-1.008743 -1.458686 0.005000 1167.802563
-1.513114 -1.458686 0.005000 1170.731000
-2.017486 -1.458686 0.005000 1177.416875
-2.521857 -1.458686 0.005000 1190.711625
-3.026229 -1.458686 0.005000 1139.127062
-3.530600 -1.458686 0.005000 1001.287625
-3.530600 -1.215571 0.005000 1085.798000
-3.026229 -1.215571 0.005000 1151.619688
-2.521857 -1.215571 0.005000 1148.887812
-2.017486 -1.215571 0.005000 1152.289750
-1.513114 -1.215571 0.005000 1178.232500
-1.008743 -1.215571 0.005000 1160.077438
-0.504371 -1.215571 0.005000 1161.763063
0.000000 -1.215571 0.005000 1161.877750
0.504371 -1.215571 0.005000 1161.763063
1.008743 -1.215571 0.005000 1160.077438
1.513114 -1.215571 0.005000 1153.106250
2.017486 -1.215571 0.005000 1152.289750
2.521857 -1.215571 0.005000 1148.887812
3.026229 -1.215571 0.005000 1151.619688
3.530600 -1.215571 0.005000 1081.989500
3.530600 -0.972457 0.005000 1130.396750
3.026229 -0.972457 0.005000 1157.342250
2.521857 -0.972457 0.005000 1141.673750
2.017486 -0.972457 0.005000 1140.222750
1.513114 -0.972457 0.005000 1164.264500
1.008743 -0.972457 0.005000 1176.654250
0.504371 -0.972457 0.005000 1142.477750
0.000000 -0.972457 0.005000 1125.119000
-0.504371 -0.972457 0.005000 1128.384250
-1.008743 -0.972457 0.005000 1160.374750
-1.513114 -0.972457 0.005000 1165.561250
-2.017486 -0.972457 0.005000 1146.623250
-2.521857 -0.972457 0.005000 1131.814500
-3.026229 -0.972457 0.005000 1150.803000
-3.530600 -0.972457 0.005000 1138.588500
-3.530600 -0.729343 0.005000 990.750150
-3.026229 -0.729343 0.005000 1144.047188
-2.521857 -0.729343 0.005000 1179.721563
-2.017486 -0.729343 0.005000 1162.242125
-1.513114 -0.729343 0.005000 1142.231500
-1.008743 -0.729343 0.005000 1143.175125
-0.504371 -0.729343 0.005000 1161.097125
0.000000 -0.729343 0.005000 1180.488000
0.504371 -0.729343 0.005000 1161.097125
1.008743 -0.729343 0.005000 1143.175125
1.513114 -0.729343 0.005000 1133.433000
2.017486 -0.729343 0.005000 1162.242125
2.521857 -0.729343 0.005000 1179.721563
3.026229 -0.729343 0.005000 1144.047188
3.530600 -0.729343 0.005000 1010.214700
3.530600 -0.486229 0.005000 1051.673750
3.026229 -0.486229 0.005000 1150.267250
2.521857 -0.486229 0.005000 1142.894750
2.017486 -0.486229 0.005000 1132.707500
1.513114 -0.486229 0.005000 1154.709000
1.008743 -0.486229 0.005000 1163.288000
0.504371 -0.486229 0.005000 1156.691500
0.000000 -0.486229 0.005000 1164.979250
-0.504371 -0.486229 0.005000 1148.728250
-1.008743 -0.486229 0.005000 1153.458500
-1.513114 -0.486229 0.005000 1167.292000
-2.017486 -0.486229 0.005000 1134.811000
-2.521857 -0.486229 0.005000 1142.068500
-3.026229 -0.486229 0.005000 1148.135750
-3.530600 -0.486229 0.005000 1064.332000
-3.530600 -0.243114 0.005000 1095.932750
-3.026229 -0.243114 0.005000 1144.376500
-2.521857 -0.243114 0.005000 1133.673063
-2.017486 -0.243114 0.005000 1142.352750
-1.513114 -0.243114 0.005000 1156.530250
-1.008743 -0.243114 0.005000 1165.557875
-0.504371 -0.243114 0.005000 1144.709562
0.000000 -0.243114 0.005000 1136.850375
0.504371 -0.243114 0.005000 1144.709562
1.008743 -0.243114 0.005000 1165.557875
1.513114 -0.243114 0.005000 1164.383250
2.017486 -0.243114 0.005000 1142.352750
2.521857 -0.243114 0.005000 1133.673063
3.026229 -0.243114 0.005000 1144.376500
3.530600 -0.243114 0.005000 1098.858000
3.530600 0.000000 0.005000 981.567300
3.026229 0.000000 0.005000 1126.411625
2.521857 0.000000 0.005000 1172.500500
2.017486 0.000000 0.005000 1167.098750
1.513114 0.000000 0.005000 1128.936250
1.008743 0.000000 0.005000 1123.344875
0.504371 0.000000 0.005000 1170.178000
0.000000 0.000000 0.005000 1181.879500
-0.504371 0.000000 0.005000 1170.178000
-1.008743 0.000000 0.005000 1123.344875
-1.513114 0.000000 0.005000 1139.031250
-2.017486 0.000000 0.005000 1167.098750
-2.521857 0.000000 0.005000 1172.500500
-3.026229 0.000000 0.005000 1126.411625
-3.530600 0.000000 0.005000 986.604500
-3.530600 0.243114 0.005000 1101.175250
-3.026229 0.243114 0.005000 1144.376500
-2.521857 0.243114 0.005000 1133.673063
-2.017486 0.243114 0.005000 1142.352750
-1.513114 0.243114 0.005000 1160.010750
-1.008743 0.243114 0.005000 1165.557875
-0.504371 0.243114 0.005000 1144.709562
0.000000 0.243114 0.005000 1136.850375
0.504371 0.243114 0.005000 1144.709562
1.008743 0.243114 0.005000 1165.557875
1.513114 0.243114 0.005000 1160.279250
2.017486 0.243114 0.005000 1142.352750
2.521857 0.243114 0.005000 1133.673063
3.026229 0.243114 0.005000 1144.376500
3.530600 0.243114 0.005000 1091.343500
3.530600 0.486229 0.005000 1067.631250
3.026229 0.486229 0.005000 1135.590500
2.521857 0.486229 0.005000 1135.101000
2.017486 0.486229 0.005000 1135.160000
1.513114 0.486229 0.005000 1147.258750
1.008743 0.486229 0.005000 1167.364000
0.504371 0.486229 0.005000 1150.698000
0.000000 0.486229 0.005000 1149.934500
-0.504371 0.486229 0.005000 1141.279500
-1.008743 0.486229 0.005000 1164.188000
-1.513114 0.486229 0.005000 1175.920250
-2.017486 0.486229 0.005000 1138.499250
-2.521857 0.486229 0.005000 1143.282500
-3.026229 0.486229 0.005000 1144.279500
-3.530600 0.486229 0.005000 1085.682250
-3.530600 0.729343 0.005000 992.369525
-3.026229 0.729343 0.005000 1144.047188
-2.521857 0.729343 0.005000 1179.721563
-2.017486 0.729343 0.005000 1162.242125
-1.513114 0.729343 0.005000 1129.325750
-1.008743 0.729343 0.005000 1143.175125
-0.504371 0.729343 0.005000 1161.097125
0.000000 0.729343 0.005000 1180.488000
0.504371 0.729343 0.005000 1161.097125
1.008743 0.729343 0.005000 1143.175125
1.513114 0.729343 0.005000 1136.468750
2.017486 0.729343 0.005000 1162.242125
2.521857 0.729343 0.005000 1179.721563
3.026229 0.729343 0.005000 1144.047188
3.530600 0.729343 0.005000 1006.592850
3.530600 0.972457 0.005000 1125.654500
3.026229 0.972457 0.005000 1130.707000
2.521857 0.972457 0.005000 1116.992250
2.017486 0.972457 0.005000 1154.019750
1.513114 0.972457 0.005000 1169.015500
1.008743 0.972457 0.005000 1185.496500
0.504371 0.972457 0.005000 1156.325000
0.000000 0.972457 0.005000 1134.234750
-0.504371 0.972457 0.005000 1147.222750
-1.008743 0.972457 0.005000 1173.264500
-1.513114 0.972457 0.005000 1170.984250
-2.017486 0.972457 0.005000 1136.752250
-2.521857 0.972457 0.005000 1131.784000
-3.026229 0.972457 0.005000 1144.791000
-3.530600 0.972457 0.005000 1094.295750
-3.530600 1.215571 0.005000 1072.252250
-3.026229 1.215571 0.005000 1151.619688
-2.521857 1.215571 0.005000 1148.887812
-2.017486 1.215571 0.005000 1152.289750
-1.513114 1.215571 0.005000 1154.153000
-1.008743 1.215571 0.005000 1160.077438
-0.504371 1.215571 0.005000 1161.763063
0.000000 1.215571 0.005000 1161.877750
0.504371 1.215571 0.005000 1161.763063
1.008743 1.215571 0.005000 1160.077438
1.513114 1.215571 0.005000 1139.172000
2.017486 1.215571 0.005000 1152.289750
2.521857 1.215571 0.005000 1148.887812
3.026229 1.215571 0.005000 1151.619688
3.530600 1.215571 0.005000 1076.431000
3.530600 1.458686 0.005000 997.559600
3.026229 1.458686 0.005000 1139.127062
2.521857 1.458686 0.005000 1190.711625
2.017486 1.458686 0.005000 1177.416875
1.513114 1.458686 0.005000 1183.650250
1.008743 1.458686 0.005000 1167.802563
0.504371 1.458686 0.005000 1175.696438
0.000000 1.458686 0.005000 1199.034500
-0.504371 1.458686 0.005000 1175.696438
-1.008743 1.458686 0.005000 1167.802563
-1.513114 1.458686 0.005000 1182.984250
-2.017486 1.458686 0.005000 1177.416875
-2.521857 1.458686 0.005000 1190.711625
-3.026229 1.458686 0.005000 1139.127062
-3.530600 1.458686 0.005000 1022.963500
-3.530600 1.701800 0.005000 1153.451250
-3.026229 1.701800 0.005000 1161.111937
-2.521857 1.701800 0.005000 1120.308812
-2.017486 1.701800 0.005000 1132.851187
-1.513114 1.701800 0.005000 1194.011000
-1.008743 1.701800 0.005000 1203.713062
-0.504371 1.701800 0.005000 1157.546500
0.000000 1.701800 0.005000 1108.942375
0.504371 1.701800 0.005000 1157.546500
1.008743 1.701800 0.005000 1203.713062
1.513114 1.701800 0.005000 1197.983750
2.017486 1.701800 0.005000 1132.851187
2.521857 1.701800 0.005000 1120.308812
3.026229 1.701800 0.005000 1161.111937
3.530600 1.701800 0.005000 1163.017750
