-1.663700 -1.663700 0.005000 0.000000 0.000000 1.000000
-1.426029 -1.663700 0.005000 0.000000 0.000000 1.000000
-1.188357 -1.663700 0.005000 0.000000 0.000000 1.000000
-0.950686 -1.663700 0.005000 0.000000 0.000000 1.000000
-0.713014 -1.663700 0.005000 0.000000 0.000000 1.000000
-0.475343 -1.663700 0.005000 0.000000 0.000000 1.000000
-0.237671 -1.663700 0.005000 0.000000 0.000000 1.000000
0.000000 -1.663700 0.005000 0.000000 0.000000 1.000000
0.237671 -1.663700 0.005000 0.000000 0.000000 1.000000
0.475343 -1.663700 0.005000 0.000000 0.000000 1.000000
0.713014 -1.663700 0.005000 0.000000 0.000000 1.000000
0.950686 -1.663700 0.005000 0.000000 0.000000 1.000000
1.188357 -1.663700 0.005000 0.000000 0.000000 1.000000
1.426029 -1.663700 0.005000 0.000000 0.000000 1.000000
1.663700 -1.663700 0.005000 0.000000 0.000000 1.000000
-1.663700 -1.426029 0.005000 0.000000 0.000000 1.000000
-1.426029 -1.426029 0.005000 0.000000 0.000000 1.000000
-1.188357 -1.426029 0.005000 0.000000 0.000000 1.000000
-0.950686 -1.426029 0.005000 0.000000 0.000000 1.000000
-0.713014 -1.426029 0.005000 0.000000 0.000000 1.000000
-0.475343 -1.426029 0.005000 0.000000 0.000000 1.000000
-0.237671 -1.426029 0.005000 0.000000 0.000000 1.000000
0.000000 -1.426029 0.005000 0.000000 0.000000 1.000000
0.237671 -1.426029 0.005000 0.000000 0.000000 1.000000
0.475343 -1.426029 0.005000 0.000000 0.000000 1.000000
0.713014 -1.426029 0.005000 0.000000 0.000000 1.000000
0.950686 -1.426029 0.005000 0.000000 0.000000 1.000000
1.188357 -1.426029 0.005000 0.000000 0.000000 1.000000
1.426029 -1.426029 0.005000 0.000000 0.000000 1.000000
1.663700 -1.426029 0.005000 0.000000 0.000000 1.000000
-1.663700 -1.188357 0.005000 0.000000 0.000000 1.000000
-1.426029 -1.188357 0.005000 0.000000 0.000000 1.000000
-1.188357 -1.188357 0.005000 0.000000 0.000000 1.000000
-0.950686 -1.188357 0.005000 0.000000 0.000000 1.000000
-0.713014 -1.188357 0.005000 0.000000 0.000000 1.000000
-0.475343 -1.188357 0.005000 0.000000 0.000000 1.000000
-0.237671 -1.188357 0.005000 0.000000 0.000000 1.000000
0.000000 -1.188357 0.005000 0.000000 0.000000 1.000000
0.237671 -1.188357 0.005000 0.000000 0.000000 1.000000
0.475343 -1.188357 0.005000 0.000000 0.000000 1.000000
0.713014 -1.188357 0.005000 0.000000 0.000000 1.000000
0.950686 -1.188357 0.005000 0.000000 0.000000 1.000000
1.188357 -1.188357 0.005000 0.000000 0.000000 1.000000
1.426029 -1.188357 0.005000 0.000000 0.000000 1.000000
1.663700 -1.188357 0.005000 0.000000 0.000000 1.000000
-1.663700 -0.950686 0.005000 0.000000 0.000000 1.000000
-1.426029 -0.950686 0.005000 0.000000 0.000000 1.000000
-1.188357 -0.950686 0.005000 0.000000 0.000000 1.000000
-0.950686 -0.950686 0.005000 0.000000 0.000000 1.000000
-0.713014 -0.950686 0.005000 0.000000 0.000000 1.000000
-0.475343 -0.950686 0.005000 0.000000 0.000000 1.000000
-0.237671 -0.950686 0.005000 0.000000 0.000000 1.000000
0.000000 -0.950686 0.005000 0.000000 0.000000 1.000000
0.237671 -0.950686 0.005000 0.000000 0.000000 1.000000
0.475343 -0.950686 0.005000 0.000000 0.000000 1.000000
0.713014 -0.950686 0.005000 0.000000 0.000000 1.000000
0.950686 -0.950686 0.005000 0.000000 0.000000 1.000000
1.188357 -0.950686 0.005000 0.000000 0.000000 1.000000
1.426029 -0.950686 0.005000 0.000000 0.000000 1.000000
1.663700 -0.950686 0.005000 0.000000 0.000000 1.000000
-1.663700 -0.713014 0.005000 0.000000 0.000000 1.000000
-1.426029 -0.713014 0.005000 0.000000 0.000000 1.000000
-1.188357 -0.713014 0.005000 0.000000 0.000000 1.000000
-0.950686 -0.713014 0.005000 0.000000 0.000000 1.000000
-0.713014 -0.713014 0.005000 0.000000 0.000000 1.000000
-0.475343 -0.713014 0.005000 0.000000 0.000000 1.000000
-0.237671 -0.713014 0.005000 0.000000 0.000000 1.000000
0.000000 -0.713014 0.005000 0.000000 0.000000 1.000000
0.237671 -0.713014 0.005000 0.000000 0.000000 1.000000
0.475343 -0.713014 0.005000 0.000000 0.000000 1.000000
0.713014 -0.713014 0.005000 0.000000 0.000000 1.000000
0.950686 -0.713014 0.005000 0.000000 0.000000 1.000000
1.188357 -0.713014 0.005000 0.000000 0.000000 1.000000
1.426029 -0.713014 0.005000 0.000000 0.000000 1.000000
1.663700 -0.713014 0.005000 0.000000 0.000000 1.000000
-1.663700 -0.475343 0.005000 0.000000 0.000000 1.000000
-1.426029 -0.475343 0.005000 0.000000 0.000000 1.000000
-1.188357 -0.475343 0.005000 0.000000 0.000000 1.000000
-0.950686 -0.475343 0.005000 0.000000 0.000000 1.000000
-0.713014 -0.475343 0.005000 0.000000 0.000000 1.000000
-0.475343 -0.475343 0.005000 0.000000 0.000000 1.000000
-0.237671 -0.475343 0.005000 0.000000 0.000000 1.000000
0.000000 -0.475343 0.005000 0.000000 0.000000 1.000000
0.237671 -0.475343 0.005000 0.000000 0.000000 1.000000
0.475343 -0.475343 0.005000 0.000000 0.000000 1.000000
0.713014 -0.475343 0.005000 0.000000 0.000000 1.000000
0.950686 -0.475343 0.005000 0.000000 0.000000 1.000000
1.188357 -0.475343 0.005000 0.000000 0.000000 1.000000
1.426029 -0.475343 0.005000 0.000000 0.000000 1.000000
1.663700 -0.475343 0.005000 0.000000 0.000000 1.000000
-1.663700 -0.237671 0.005000 0.000000 0.000000 1.000000
-1.426029 -0.237671 0.005000 0.000000 0.000000 1.000000
-1.188357 -0.237671 0.005000 0.000000 0.000000 1.000000
-0.950686 -0.237671 0.005000 0.000000 0.000000 1.000000
-0.713014 -0.237671 0.005000 0.000000 0.000000 1.000000
-0.475343 -0.237671 0.005000 0.000000 0.000000 1.000000
-0.237671 -0.237671 0.005000 0.000000 0.000000 1.000000
0.000000 -0.237671 0.005000 0.000000 0.000000 1.000000
0.237671 -0.237671 0.005000 0.000000 0.000000 1.000000
0.475343 -0.237671 0.005000 0.000000 0.000000 1.000000
0.713014 -0.237671 0.005000 0.000000 0.000000 1.000000
0.950686 -0.237671 0.005000 0.000000 0.000000 1.000000
1.188357 -0.237671 0.005000 0.000000 0.000000 1.000000
1.426029 -0.237671 0.005000 0.000000 0.000000 1.000000
1.663700 -0.237671 0.005000 0.000000 0.000000 1.000000
-1.663700 0.000000 0.005000 0.000000 0.000000 1.000000
-1.426029 0.000000 0.005000 0.000000 0.000000 1.000000
-1.188357 0.000000 0.005000 0.000000 0.000000 1.000000
-0.950686 0.000000 0.005000 0.000000 0.000000 1.000000
-0.713014 0.000000 0.005000 0.000000 0.000000 1.000000
-0.475343 0.000000 0.005000 0.000000 0.000000 1.000000
-0.237671 0.000000 0.005000 0.000000 0.000000 1.000000
0.000000 0.000000 0.005000 0.000000 0.000000 1.000000
0.237671 0.000000 0.005000 0.000000 0.000000 1.000000
0.475343 0.000000 0.005000 0.000000 0.000000 1.000000
0.713014 0.000000 0.005000 0.000000 0.000000 1.000000
0.950686 0.000000 0.005000 0.000000 0.000000 1.000000
1.188357 0.000000 0.005000 0.000000 0.000000 1.000000
1.426029 0.000000 0.005000 0.000000 0.000000 1.000000
1.663700 0.000000 0.005000 0.000000 0.000000 1.000000
-1.663700 0.237671 0.005000 0.000000 0.000000 1.000000
-1.426029 0.237671 0.005000 0.000000 0.000000 1.000000
-1.188357 0.237671 0.005000 0.000000 0.000000 1.000000
-0.950686 0.237671 0.005000 0.000000 0.000000 1.000000
-0.713014 0.237671 0.005000 0.000000 0.000000 1.000000
-0.475343 0.237671 0.005000 0.000000 0.000000 1.000000
-0.237671 0.237671 0.005000 0.000000 0.000000 1.000000
0.000000 0.237671 0.005000 0.000000 0.000000 1.000000
0.237671 0.237671 0.005000 0.000000 0.000000 1.000000
0.475343 0.237671 0.005000 0.000000 0.000000 1.000000
0.713014 0.237671 0.005000 0.000000 0.000000 1.000000
0.950686 0.237671 0.005000 0.000000 0.000000 1.000000
1.188357 0.237671 0.005000 0.000000 0.000000 1.000000
1.426029 0.237671 0.005000 0.000000 0.000000 1.000000
1.663700 0.237671 0.005000 0.000000 0.000000 1.000000
-1.663700 0.475343 0.005000 0.000000 0.000000 1.000000
-1.426029 0.475343 0.005000 0.000000 0.000000 1.000000
-1.188357 0.475343 0.005000 0.000000 0.000000 1.000000
-0.950686 0.475343 0.005000 0.000000 0.000000 1.000000
-0.713014 0.475343 0.005000 0.000000 0.000000 1.000000
-0.475343 0.475343 0.005000 0.000000 0.000000 1.000000
-0.237671 0.475343 0.005000 0.000000 0.000000 1.000000
0.000000 0.475343 0.005000 0.000000 0.000000 1.000000
0.237671 0.475343 0.005000 0.000000 0.000000 1.000000
0.475343 0.475343 0.005000 0.000000 0.000000 1.000000
0.713014 0.475343 0.005000 0.000000 0.000000 1.000000
0.950686 0.475343 0.005000 0.000000 0.000000 1.000000
1.188357 0.475343 0.005000 0.000000 0.000000 1.000000
1.426029 0.475343 0.005000 0.000000 0.000000 1.000000
1.663700 0.475343 0.005000 0.000000 0.000000 1.000000
-1.663700 0.713014 0.005000 0.000000 0.000000 1.000000
-1.426029 0.713014 0.005000 0.000000 0.000000 1.000000
-1.188357 0.713014 0.005000 0.000000 0.000000 1.000000
-0.950686 0.713014 0.005000 0.000000 0.000000 1.000000
-0.713014 0.713014 0.005000 0.000000 0.000000 1.000000
-0.475343 0.713014 0.005000 0.000000 0.000000 1.000000
-0.237671 0.713014 0.005000 0.000000 0.000000 1.000000
0.000000 0.713014 0.005000 0.000000 0.000000 1.000000
0.237671 0.713014 0.005000 0.000000 0.000000 1.000000
0.475343 0.713014 0.005000 0.000000 0.000000 1.000000
0.713014 0.713014 0.005000 0.000000 0.000000 1.000000
0.950686 0.713014 0.005000 0.000000 0.000000 1.000000
1.188357 0.713014 0.005000 0.000000 0.000000 1.000000
1.426029 0.713014 0.005000 0.000000 0.000000 1.000000
1.663700 0.713014 0.005000 0.000000 0.000000 1.000000
-1.663700 0.950686 0.005000 0.000000 0.000000 1.000000
-1.426029 0.950686 0.005000 0.000000 0.000000 1.000000
-1.188357 0.950686 0.005000 0.000000 0.000000 1.000000
-0.950686 0.950686 0.005000 0.000000 0.000000 1.000000
-0.713014 0.950686 0.005000 0.000000 0.000000 1.000000
-0.475343 0.950686 0.005000 0.000000 0.000000 1.000000
-0.237671 0.950686 0.005000 0.000000 0.000000 1.000000
0.000000 0.950686 0.005000 0.000000 0.000000 1.000000
0.237671 0.950686 0.005000 0.000000 0.000000 1.000000
0.475343 0.950686 0.005000 0.000000 0.000000 1.000000
0.713014 0.950686 0.005000 0.000000 0.000000 1.000000
0.950686 0.950686 0.005000 0.000000 0.000000 1.000000
1.188357 0.950686 0.005000 0.000000 0.000000 1.000000
1.426029 0.950686 0.005000 0.000000 0.000000 1.000000
1.663700 0.950686 0.005000 0.000000 0.000000 1.000000
-1.663700 1.188357 0.005000 0.000000 0.000000 1.000000
-1.426029 1.188357 0.005000 0.000000 0.000000 1.000000
-1.188357 1.188357 0.005000 0.000000 0.000000 1.000000
-0.950686 1.188357 0.005000 0.000000 0.000000 1.000000
-0.713014 1.188357 0.005000 0.000000 0.000000 1.000000
-0.475343 1.188357 0.005000 0.000000 0.000000 1.000000
-0.237671 1.188357 0.005000 0.000000 0.000000 1.000000
0.000000 1.188357 0.005000 0.000000 0.000000 1.000000
0.237671 1.188357 0.005000 0.000000 0.000000 1.000000
0.475343 1.188357 0.005000 0.000000 0.000000 1.000000
0.713014 1.188357 0.005000 0.000000 0.000000 1.000000
0.950686 1.188357 0.005000 0.000000 0.000000 1.000000
1.188357 1.188357 0.005000 0.000000 0.000000 1.000000
1.426029 1.188357 0.005000 0.000000 0.000000 1.000000
1.663700 1.188357 0.005000 0.000000 0.000000 1.000000
-1.663700 1.426029 0.005000 0.000000 0.000000 1.000000
-1.426029 1.426029 0.005000 0.000000 0.000000 1.000000
-1.188357 1.426029 0.005000 0.000000 0.000000 1.000000
-0.950686 1.426029 0.005000 0.000000 0.000000 1.000000
-0.713014 1.426029 0.005000 0.000000 0.000000 1.000000
-0.475343 1.426029 0.005000 0.000000 0.000000 1.000000
-0.237671 1.426029 0.005000 0.000000 0.000000 1.000000
0.000000 1.426029 0.005000 0.000000 0.000000 1.000000
0.237671 1.426029 0.005000 0.000000 0.000000 1.000000
0.475343 1.426029 0.005000 0.000000 0.000000 1.000000
0.713014 1.426029 0.005000 0.000000 0.000000 1.000000
0.950686 1.426029 0.005000 0.000000 0.000000 1.000000
1.188357 1.426029 0.005000 0.000000 0.000000 1.000000
1.426029 1.426029 0.005000 0.000000 0.000000 1.000000
1.663700 1.426029 0.005000 0.000000 0.000000 1.000000
-1.663700 1.663700 0.005000 0.000000 0.000000 1.000000
-1.426029 1.663700 0.005000 0.000000 0.000000 1.000000
-1.188357 1.663700 0.005000 0.000000 0.000000 1.000000
-0.950686 1.663700 0.005000 0.000000 0.000000 1.000000
-0.713014 1.663700 0.005000 0.000000 0.000000 1.000000
-0.475343 1.663700 0.005000 0.000000 0.000000 1.000000
-0.237671 1.663700 0.005000 0.000000 0.000000 1.000000
0.000000 1.663700 0.005000 0.000000 0.000000 1.000000
0.237671 1.663700 0.005000 0.000000 0.000000 1.000000
0.475343 1.663700 0.005000 0.000000 0.000000 1.000000
0.713014 1.663700 0.005000 0.000000 0.000000 1.000000
0.950686 1.663700 0.005000 0.000000 0.000000 1.000000
1.188357 1.663700 0.005000 0.000000 0.000000 1.000000
1.426029 1.663700 0.005000 0.000000 0.000000 1.000000
1.663700 1.663700 0.005000 0.000000 0.000000 1.000000
