-1.558925 -1.558925 0.005000 0.630716
-1.336221 -1.558925 0.005000 0.870062
-1.113518 -1.558925 0.005000 1.133745
-0.890814 -1.558925 0.005000 1.317410
-0.668111 -1.558925 0.005000 1.374417
-0.445407 -1.558925 0.005000 1.466117
-0.222704 -1.558925 0.005000 1.462672
0.000000 -1.558925 0.005000 1.418317
0.222704 -1.558925 0.005000 1.432258
0.445407 -1.558925 0.005000 1.371484
0.668111 -1.558925 0.005000 1.352674
0.890814 -1.558925 0.005000 1.299701
1.113518 -1.558925 0.005000 1.176810
1.336221 -1.558925 0.005000 0.907899
1.558925 -1.558925 0.005000 0.625408
1.558925 -1.336221 0.005000 0.877128
1.336221 -1.336221 0.005000 1.474180
1.113518 -1.336221 0.005000 2.327503
0.890814 -1.336221 0.005000 2.479489
0.668111 -1.336221 0.005000 2.491669
0.445407 -1.336221 0.005000 2.715240
0.222704 -1.336221 0.005000 2.648940
0.000000 -1.336221 0.005000 2.469336
-0.222704 -1.336221 0.005000 2.612297
-0.445407 -1.336221 0.005000 2.598967
-0.668111 -1.336221 0.005000 2.474044
-0.890814 -1.336221 0.005000 2.443205
-1.113518 -1.336221 0.005000 2.355876
-1.336221 -1.336221 0.005000 1.485504
-1.558925 -1.336221 0.005000 0.885882
-1.558925 -1.113518 0.005000 1.208916
-1.336221 -1.113518 0.005000 2.354540
-1.113518 -1.113518 0.005000 4.161903
-0.890814 -1.113518 0.005000 4.606133
-0.668111 -1.113518 0.005000 3.972819
-0.445407 -1.113518 0.005000 4.739397
-0.222704 -1.113518 0.005000 4.591553
0.000000 -1.113518 0.005000 3.993799
0.222704 -1.113518 0.005000 4.641593
0.445407 -1.113518 0.005000 4.685051
0.668111 -1.113518 0.005000 4.005959
0.890814 -1.113518 0.005000 4.481903
1.113518 -1.113518 0.005000 4.238303
1.336221 -1.113518 0.005000 2.376796
1.558925 -1.113518 0.005000 1.076314
1.558925 -0.890814 0.005000 1.342942
1.336221 -0.890814 0.005000 2.668620
1.113518 -0.890814 0.005000 4.518820
0.890814 -0.890814 0.005000 4.937626
0.668111 -0.890814 0.005000 4.178893
0.445407 -0.890814 0.005000 4.612965
0.222704 -0.890814 0.005000 4.580385
0.000000 -0.890814 0.005000 3.894031
-0.222704 -0.890814 0.005000 4.612328
-0.445407 -0.890814 0.005000 4.524431
-0.668111 -0.890814 0.005000 4.265184
-0.890814 -0.890814 0.005000 4.650783
-1.113518 -0.890814 0.005000 4.494147
-1.336221 -0.890814 0.005000 2.614720
-1.558925 -0.890814 0.005000 1.323105
-1.558925 -0.668111 0.005000 1.370665
-1.336221 -0.668111 0.005000 2.454362
-1.113518 -0.668111 0.005000 3.777543
-0.890814 -0.668111 0.005000 3.937813
-0.668111 -0.668111 0.005000 3.279913
-0.445407 -0.668111 0.005000 2.950648
-0.222704 -0.668111 0.005000 2.754903
0.000000 -0.668111 0.005000 2.522420
0.222704 -0.668111 0.005000 2.751621
0.445407 -0.668111 0.005000 3.004594
0.668111 -0.668111 0.005000 3.243991
0.890814 -0.668111 0.005000 4.083147
1.113518 -0.668111 0.005000 3.759561
1.336221 -0.668111 0.005000 2.471837
1.558925 -0.668111 0.005000 1.388494
1.558925 -0.445407 0.005000 1.495535
1.336221 -0.445407 0.005000 2.828841
1.113518 -0.445407 0.005000 4.616322
0.890814 -0.445407 0.005000 4.724661
0.668111 -0.445407 0.005000 3.126353
0.445407 -0.445407 0.005000 2.009985
0.222704 -0.445407 0.005000 1.701410
0.000000 -0.445407 0.005000 1.578583
-0.222704 -0.445407 0.005000 1.644895
-0.445407 -0.445407 0.005000 2.116495
-0.668111 -0.445407 0.005000 3.116865
-0.890814 -0.445407 0.005000 4.511245
-1.113518 -0.445407 0.005000 4.679868
-1.336221 -0.445407 0.005000 2.708791
-1.558925 -0.445407 0.005000 1.442085
-1.558925 -0.222704 0.005000 1.346377
-1.336221 -0.222704 0.005000 2.854530
-1.113518 -0.222704 0.005000 4.742545
-0.890814 -0.222704 0.005000 4.556914
-0.668111 -0.222704 0.005000 2.840928
-0.445407 -0.222704 0.005000 1.688089
-0.222704 -0.222704 0.005000 1.270142
0.000000 -0.222704 0.005000 1.147012
0.222704 -0.222704 0.005000 1.276335
0.445407 -0.222704 0.005000 1.716731
0.668111 -0.222704 0.005000 2.945404
0.890814 -0.222704 0.005000 4.602858
1.113518 -0.222704 0.005000 4.704940
1.336221 -0.222704 0.005000 2.731863
1.558925 -0.222704 0.005000 1.416872
1.558925 0.000000 0.005000 1.368852
1.336221 0.000000 0.005000 2.507050
1.113518 0.000000 0.005000 3.775648
0.890814 0.000000 0.005000 3.800496
0.668111 0.000000 0.005000 2.507990
0.445407 0.000000 0.005000 1.552038
0.222704 0.000000 0.005000 1.151923
0.000000 0.000000 0.005000 1.049306
-0.222704 0.000000 0.005000 1.141109
-0.445407 0.000000 0.005000 1.596344
-0.668111 0.000000 0.005000 2.621115
-0.890814 0.000000 0.005000 3.757799
-1.113518 0.000000 0.005000 3.656169
-1.336221 0.000000 0.005000 2.549201
-1.558925 0.000000 0.005000 1.363934
-1.558925 0.222704 0.005000 1.429040
-1.336221 0.222704 0.005000 2.765456
-1.113518 0.222704 0.005000 4.708429
-0.890814 0.222704 0.005000 4.542610
-0.668111 0.222704 0.005000 2.890287
-0.445407 0.222704 0.005000 1.692961
-0.222704 0.222704 0.005000 1.221029
0.000000 0.222704 0.005000 1.165109
0.222704 0.222704 0.005000 1.230421
0.445407 0.222704 0.005000 1.690632
0.668111 0.222704 0.005000 2.814735
0.890814 0.222704 0.005000 4.520719
1.113518 0.222704 0.005000 4.702096
1.336221 0.222704 0.005000 2.812476
1.558925 0.222704 0.005000 1.421657
1.558925 0.445407 0.005000 1.462431
1.336221 0.445407 0.005000 2.670033
1.113518 0.445407 0.005000 4.729162
0.890814 0.445407 0.005000 4.547719
0.668111 0.445407 0.005000 3.150059
0.445407 0.445407 0.005000 2.068231
0.222704 0.445407 0.005000 1.677391
0.000000 0.445407 0.005000 1.576435
-0.222704 0.445407 0.005000 1.722952
-0.445407 0.445407 0.005000 1.913046
-0.668111 0.445407 0.005000 3.081585
-0.890814 0.445407 0.005000 4.747859
-1.113518 0.445407 0.005000 4.553341
-1.336221 0.445407 0.005000 2.786521
-1.558925 0.445407 0.005000 1.467309
-1.558925 0.668111 0.005000 1.356879
-1.336221 0.668111 0.005000 2.411107
-1.113518 0.668111 0.005000 3.736750
-0.890814 0.668111 0.005000 4.043355
-0.668111 0.668111 0.005000 3.287692
-0.445407 0.668111 0.005000 2.956236
-0.222704 0.668111 0.005000 2.740692
0.000000 0.668111 0.005000 2.547879
0.222704 0.668111 0.005000 2.736307
0.445407 0.668111 0.005000 2.987446
0.668111 0.668111 0.005000 3.270611
0.890814 0.668111 0.005000 3.942200
1.113518 0.668111 0.005000 3.772969
1.336221 0.668111 0.005000 2.485219
1.558925 0.668111 0.005000 1.357055
1.558925 0.890814 0.005000 1.360164
1.336221 0.890814 0.005000 2.562153
1.113518 0.890814 0.005000 4.573127
0.890814 0.890814 0.005000 4.959433
0.668111 0.890814 0.005000 4.093626
0.445407 0.890814 0.005000 4.536626
0.222704 0.890814 0.005000 4.587011
0.000000 0.890814 0.005000 3.871891
-0.222704 0.890814 0.005000 4.564482
-0.445407 0.890814 0.005000 4.661868
-0.668111 0.890814 0.005000 4.195414
-0.890814 0.890814 0.005000 4.825574
-1.113518 0.890814 0.005000 4.449412
-1.336221 0.890814 0.005000 2.628135
-1.558925 0.890814 0.005000 1.324606
-1.558925 1.113518 0.005000 1.276058
-1.336221 1.113518 0.005000 2.349297
-1.113518 1.113518 0.005000 4.254396
-0.890814 1.113518 0.005000 4.492238
-0.668111 1.113518 0.005000 3.995225
-0.445407 1.113518 0.005000 4.707458
-0.222704 1.113518 0.005000 4.649349
0.000000 1.113518 0.005000 4.040145
0.222704 1.113518 0.005000 4.630615
0.445407 1.113518 0.005000 4.645898
0.668111 1.113518 0.005000 3.984582
0.890814 1.113518 0.005000 4.585460
1.113518 1.113518 0.005000 4.181555
1.336221 1.113518 0.005000 2.299999
1.558925 1.113518 0.005000 1.154104
1.558925 1.336221 0.005000 0.899394
1.336221 1.336221 0.005000 1.495793
1.113518 1.336221 0.005000 2.315601
0.890814 1.336221 0.005000 2.535703
0.668111 1.336221 0.005000 2.465844
0.445407 1.336221 0.005000 2.676428
0.222704 1.336221 0.005000 2.614468
0.000000 1.336221 0.005000 2.504545
-0.222704 1.336221 0.005000 2.657710
-0.445407 1.336221 0.005000 2.698342
-0.668111 1.336221 0.005000 2.423930
-0.890814 1.336221 0.005000 2.549171
-1.113518 1.336221 0.005000 2.250271
-1.336221 1.336221 0.005000 1.460957
-1.558925 1.336221 0.005000 0.891644
-1.558925 1.558925 0.005000 0.619183
-1.336221 1.558925 0.005000 0.904362
-1.113518 1.558925 0.005000 1.165690
-0.890814 1.558925 0.005000 1.296404
-0.668111 1.558925 0.005000 1.374588
-0.445407 1.558925 0.005000 1.467364
-0.222704 1.558925 0.005000 1.386938
0.000000 1.558925 0.005000 1.401170
0.222704 1.558925 0.005000 1.448210
0.445407 1.558925 0.005000 1.424950
0.668111 1.558925 0.005000 1.376527
0.890814 1.558925 0.005000 1.364577
1.113518 1.558925 0.005000 1.135105
1.336221 1.558925 0.005000 0.879747
1.558925 1.558925 0.005000 0.641591
