-1.558925 -1.558925 0.005000 0.017133
-1.336221 -1.558925 0.005000 0.018806
-1.113518 -1.558925 0.005000 0.021596
-0.890814 -1.558925 0.005000 0.025630
-0.668111 -1.558925 0.005000 0.030452
-0.445407 -1.558925 0.005000 0.034401
-0.222704 -1.558925 0.005000 0.037317
0.000000 -1.558925 0.005000 0.037186
0.222704 -1.558925 0.005000 0.037564
0.445407 -1.558925 0.005000 0.034258
0.668111 -1.558925 0.005000 0.029954
0.890814 -1.558925 0.005000 0.025764
1.113518 -1.558925 0.005000 0.021625
1.336221 -1.558925 0.005000 0.018448
1.558925 -1.558925 0.005000 0.017339
1.558925 -1.336221 0.005000 0.018566
1.336221 -1.336221 0.005000 0.020694
1.113518 -1.336221 0.005000 0.026340
0.890814 -1.336221 0.005000 0.032436
0.668111 -1.336221 0.005000 0.037770
0.445407 -1.336221 0.005000 0.046041
0.222704 -1.336221 0.005000 0.051534
0.000000 -1.336221 0.005000 0.053551
-0.222704 -1.336221 0.005000 0.050981
-0.445407 -1.336221 0.005000 0.045084
-0.668111 -1.336221 0.005000 0.039372
-0.890814 -1.336221 0.005000 0.031921
-1.113518 -1.336221 0.005000 0.025002
-1.336221 -1.336221 0.005000 0.021008
-1.558925 -1.336221 0.005000 0.018733
-1.558925 -1.113518 0.005000 0.021712
-1.336221 -1.113518 0.005000 0.025501
-1.113518 -1.113518 0.005000 0.032456
-0.890814 -1.113518 0.005000 0.044641
-0.668111 -1.113518 0.005000 0.056474
-0.445407 -1.113518 0.005000 0.074057
-0.222704 -1.113518 0.005000 0.087807
0.000000 -1.113518 0.005000 0.094355
0.222704 -1.113518 0.005000 0.085175
0.445407 -1.113518 0.005000 0.075140
0.668111 -1.113518 0.005000 0.057434
0.890814 -1.113518 0.005000 0.044149
1.113518 -1.113518 0.005000 0.033119
1.336221 -1.113518 0.005000 0.024215
1.558925 -1.113518 0.005000 0.022026
1.558925 -0.890814 0.005000 0.025748
1.336221 -0.890814 0.005000 0.031267
1.113518 -0.890814 0.005000 0.041943
0.890814 -0.890814 0.005000 0.063183
0.668111 -0.890814 0.005000 0.090676
0.445407 -0.890814 0.005000 0.135613
0.222704 -0.890814 0.005000 0.169870
0.000000 -0.890814 0.005000 0.197625
-0.222704 -0.890814 0.005000 0.173867
-0.445407 -0.890814 0.005000 0.131154
-0.668111 -0.890814 0.005000 0.094320
-0.890814 -0.890814 0.005000 0.064654
-1.113518 -0.890814 0.005000 0.042928
-1.336221 -0.890814 0.005000 0.031357
-1.558925 -0.890814 0.005000 0.026276
-1.558925 -0.668111 0.005000 0.029706
-1.336221 -0.668111 0.005000 0.038796
-1.113518 -0.668111 0.005000 0.056357
-0.890814 -0.668111 0.005000 0.093315
-0.668111 -0.668111 0.005000 0.152643
-0.445407 -0.668111 0.005000 0.236775
-0.222704 -0.668111 0.005000 0.379223
0.000000 -0.668111 0.005000 0.414020
0.222704 -0.668111 0.005000 0.344276
0.445407 -0.668111 0.005000 0.270660
0.668111 -0.668111 0.005000 0.168022
0.890814 -0.668111 0.005000 0.088446
1.113518 -0.668111 0.005000 0.057699
1.336221 -0.668111 0.005000 0.039311
1.558925 -0.668111 0.005000 0.029845
1.558925 -0.445407 0.005000 0.034946
1.336221 -0.445407 0.005000 0.046695
1.113518 -0.445407 0.005000 0.076739
0.890814 -0.445407 0.005000 0.126480
0.668111 -0.445407 0.005000 0.246659
0.445407 -0.445407 0.005000 0.514838
0.222704 -0.445407 0.005000 0.865310
0.000000 -0.445407 0.005000 1.080325
-0.222704 -0.445407 0.005000 0.871476
-0.445407 -0.445407 0.005000 0.569662
-0.668111 -0.445407 0.005000 0.281730
-0.890814 -0.445407 0.005000 0.126428
-1.113518 -0.445407 0.005000 0.076046
-1.336221 -0.445407 0.005000 0.044336
-1.558925 -0.445407 0.005000 0.034551
-1.558925 -0.222704 0.005000 0.038374
-1.336221 -0.222704 0.005000 0.053975
-1.113518 -0.222704 0.005000 0.095640
-0.890814 -0.222704 0.005000 0.171710
-0.668111 -0.222704 0.005000 0.373050
-0.445407 -0.222704 0.005000 0.927171
-0.222704 -0.222704 0.005000 1.938312
0.000000 -0.222704 0.005000 2.781732
0.222704 -0.222704 0.005000 1.931930
0.445407 -0.222704 0.005000 0.916623
0.668111 -0.222704 0.005000 0.380634
0.890814 -0.222704 0.005000 0.159996
1.113518 -0.222704 0.005000 0.084881
1.336221 -0.222704 0.005000 0.051895
1.558925 -0.222704 0.005000 0.037930
1.558925 0.000000 0.005000 0.038029
1.336221 0.000000 0.005000 0.057250
1.113518 0.000000 0.005000 0.099211
0.890814 0.000000 0.005000 0.188843
0.668111 0.000000 0.005000 0.398593
0.445407 0.000000 0.005000 1.173920
0.222704 0.000000 0.005000 2.913169
0.000000 0.000000 0.005000 4.046248
-0.222704 0.000000 0.005000 2.730953
-0.445407 0.000000 0.005000 1.179261
-0.668111 0.000000 0.005000 0.465431
-0.890814 0.000000 0.005000 0.196177
-1.113518 0.000000 0.005000 0.101624
-1.336221 0.000000 0.005000 0.054638
-1.558925 0.000000 0.005000 0.039185
-1.558925 0.222704 0.005000 0.037446
-1.336221 0.222704 0.005000 0.051994
-1.113518 0.222704 0.005000 0.089002
-0.890814 0.222704 0.005000 0.173318
-0.668111 0.222704 0.005000 0.364123
-0.445407 0.222704 0.005000 0.949053
-0.222704 0.222704 0.005000 1.959932
0.000000 0.222704 0.005000 2.758865
0.222704 0.222704 0.005000 1.928746
0.445407 0.222704 0.005000 0.940373
0.668111 0.222704 0.005000 0.352776
0.890814 0.222704 0.005000 0.180747
1.113518 0.222704 0.005000 0.085179
1.336221 0.222704 0.005000 0.051769
1.558925 0.222704 0.005000 0.036232
1.558925 0.445407 0.005000 0.034863
1.336221 0.445407 0.005000 0.045227
1.113518 0.445407 0.005000 0.069708
0.890814 0.445407 0.005000 0.135340
0.668111 0.445407 0.005000 0.253077
0.445407 0.445407 0.005000 0.515687
0.222704 0.445407 0.005000 0.863199
0.000000 0.445407 0.005000 1.058559
-0.222704 0.445407 0.005000 0.891778
-0.445407 0.445407 0.005000 0.516734
-0.668111 0.445407 0.005000 0.261951
-0.890814 0.445407 0.005000 0.139731
-1.113518 0.445407 0.005000 0.075930
-1.336221 0.445407 0.005000 0.046713
-1.558925 0.445407 0.005000 0.034142
-1.558925 0.668111 0.005000 0.030138
-1.336221 0.668111 0.005000 0.037702
-1.113518 0.668111 0.005000 0.059925
-0.890814 0.668111 0.005000 0.093480
-0.668111 0.668111 0.005000 0.146319
-0.445407 0.668111 0.005000 0.258485
-0.222704 0.668111 0.005000 0.376681
0.000000 0.668111 0.005000 0.433984
0.222704 0.668111 0.005000 0.373413
0.445407 0.668111 0.005000 0.264634
0.668111 0.668111 0.005000 0.154247
0.890814 0.668111 0.005000 0.095670
1.113518 0.668111 0.005000 0.055276
1.336221 0.668111 0.005000 0.037496
1.558925 0.668111 0.005000 0.030273
1.558925 0.890814 0.005000 0.025738
1.336221 0.890814 0.005000 0.030491
1.113518 0.890814 0.005000 0.044240
0.890814 0.890814 0.005000 0.062530
0.668111 0.890814 0.005000 0.090848
0.445407 0.890814 0.005000 0.131951
0.222704 0.890814 0.005000 0.167031
0.000000 0.890814 0.005000 0.190040
-0.222704 0.890814 0.005000 0.173522
-0.445407 0.890814 0.005000 0.132714
-0.668111 0.890814 0.005000 0.098268
-0.890814 0.890814 0.005000 0.064973
-1.113518 0.890814 0.005000 0.044045
-1.336221 0.890814 0.005000 0.030626
-1.558925 0.890814 0.005000 0.026693
-1.558925 1.113518 0.005000 0.021972
-1.336221 1.113518 0.005000 0.026119
-1.113518 1.113518 0.005000 0.032848
-0.890814 1.113518 0.005000 0.043280
-0.668111 1.113518 0.005000 0.057898
-0.445407 1.113518 0.005000 0.074815
-0.222704 1.113518 0.005000 0.088442
0.000000 1.113518 0.005000 0.095237
0.222704 1.113518 0.005000 0.087942
0.445407 1.113518 0.005000 0.073603
0.668111 1.113518 0.005000 0.057580
0.890814 1.113518 0.005000 0.044568
1.113518 1.113518 0.005000 0.032943
1.336221 1.113518 0.005000 0.025306
1.558925 1.113518 0.005000 0.021940
1.558925 1.336221 0.005000 0.018517
1.336221 1.336221 0.005000 0.020669
1.113518 1.336221 0.005000 0.025223
0.890814 1.336221 0.005000 0.031321
0.668111 1.336221 0.005000 0.038974
0.445407 1.336221 0.005000 0.044909
0.222704 1.336221 0.005000 0.051921
0.000000 1.336221 0.005000 0.056150
-0.222704 1.336221 0.005000 0.052924
-0.445407 1.336221 0.005000 0.045956
-0.668111 1.336221 0.005000 0.037313
-0.890814 1.336221 0.005000 0.031173
-1.113518 1.336221 0.005000 0.025916
-1.336221 1.336221 0.005000 0.021343
-1.558925 1.336221 0.005000 0.018935
-1.558925 1.558925 0.005000 0.017459
-1.336221 1.558925 0.005000 0.019239
-1.113518 1.558925 0.005000 0.021765
-0.890814 1.558925 0.005000 0.025931
-0.668111 1.558925 0.005000 0.029639
-0.445407 1.558925 0.005000 0.035132
-0.222704 1.558925 0.005000 0.037505
0.000000 1.558925 0.005000 0.038612
0.222704 1.558925 0.005000 0.037439
0.445407 1.558925 0.005000 0.034212
0.668111 1.558925 0.005000 0.030184
0.890814 1.558925 0.005000 0.025455
1.113518 1.558925 0.005000 0.021877
1.336221 1.558925 0.005000 0.018724
1.558925 1.558925 0.005000 0.017292
