-3.387725 -1.558925 0.005000 0.126457
-2.903764 -1.558925 0.005000 0.168810
-2.419804 -1.558925 0.005000 0.239644
-1.935843 -1.558925 0.005000 0.298915
-1.451882 -1.558925 0.005000 0.339712
-0.967921 -1.558925 0.005000 0.362406
-0.483961 -1.558925 0.005000 0.370670
0.000000 -1.558925 0.005000 0.372019
0.483961 -1.558925 0.005000 0.364787
0.967921 -1.558925 0.005000 0.358687
1.451882 -1.558925 0.005000 0.336424
1.935843 -1.558925 0.005000 0.298505
2.419804 -1.558925 0.005000 0.234969
2.903764 -1.558925 0.005000 0.165951
3.387725 -1.558925 0.005000 0.125534
3.387725 -1.336221 0.005000 0.135303
2.903764 -1.336221 0.005000 0.200399
2.419804 -1.336221 0.005000 0.323559
1.935843 -1.336221 0.005000 0.412763
1.451882 -1.336221 0.005000 0.462818
0.967921 -1.336221 0.005000 0.486119
0.483961 -1.336221 0.005000 0.504409
0.000000 -1.336221 0.005000 0.508430
-0.483961 -1.336221 0.005000 0.488044
-0.967921 -1.336221 0.005000 0.484386
-1.451882 -1.336221 0.005000 0.460104
-1.935843 -1.336221 0.005000 0.425562
-2.419804 -1.336221 0.005000 0.315295
-2.903764 -1.336221 0.005000 0.205678
-3.387725 -1.336221 0.005000 0.138597
-3.387725 -1.113518 0.005000 0.159920
-2.903764 -1.113518 0.005000 0.272002
-2.419804 -1.113518 0.005000 0.514266
-1.935843 -1.113518 0.005000 0.692100
-1.451882 -1.113518 0.005000 0.750025
-0.967921 -1.113518 0.005000 0.766543
-0.483961 -1.113518 0.005000 0.795533
0.000000 -1.113518 0.005000 0.816510
0.483961 -1.113518 0.005000 0.812091
0.967921 -1.113518 0.005000 0.796922
1.451882 -1.113518 0.005000 0.759301
1.935843 -1.113518 0.005000 0.697356
2.419804 -1.113518 0.005000 0.504811
2.903764 -1.113518 0.005000 0.268936
3.387725 -1.113518 0.005000 0.160678
3.387725 -0.890814 0.005000 0.191434
2.903764 -0.890814 0.005000 0.372369
2.419804 -0.890814 0.005000 1.013863
1.935843 -0.890814 0.005000 1.379573
1.451882 -0.890814 0.005000 1.449325
0.967921 -0.890814 0.005000 1.501472
0.483961 -0.890814 0.005000 1.521191
0.000000 -0.890814 0.005000 1.499441
-0.483961 -0.890814 0.005000 1.462160
-0.967921 -0.890814 0.005000 1.479796
-1.451882 -0.890814 0.005000 1.504901
-1.935843 -0.890814 0.005000 1.302472
-2.419804 -0.890814 0.005000 0.954133
-2.903764 -0.890814 0.005000 0.377997
-3.387725 -0.890814 0.005000 0.184784
-3.387725 -0.668111 0.005000 0.223426
-2.903764 -0.668111 0.005000 0.535737
-2.419804 -0.668111 0.005000 2.029533
-1.935843 -0.668111 0.005000 2.622514
-1.451882 -0.668111 0.005000 2.946099
-0.967921 -0.668111 0.005000 2.996157
-0.483961 -0.668111 0.005000 2.966458
0.000000 -0.668111 0.005000 2.880326
0.483961 -0.668111 0.005000 2.893647
0.967921 -0.668111 0.005000 2.984708
1.451882 -0.668111 0.005000 2.849339
1.935843 -0.668111 0.005000 2.630029
2.419804 -0.668111 0.005000 1.959573
2.903764 -0.668111 0.005000 0.503316
3.387725 -0.668111 0.005000 0.218353
3.387725 -0.445407 0.005000 0.250975
2.903764 -0.445407 0.005000 0.691590
2.419804 -0.445407 0.005000 3.523374
1.935843 -0.445407 0.005000 4.335462
1.451882 -0.445407 0.005000 5.043591
0.967921 -0.445407 0.005000 5.314888
0.483961 -0.445407 0.005000 4.974132
0.000000 -0.445407 0.005000 4.725868
-0.483961 -0.445407 0.005000 5.118234
-0.967921 -0.445407 0.005000 5.321113
-1.451882 -0.445407 0.005000 5.137636
-1.935843 -0.445407 0.005000 4.513394
-2.419804 -0.445407 0.005000 3.660439
-2.903764 -0.445407 0.005000 0.666882
-3.387725 -0.445407 0.005000 0.246506
-3.387725 -0.222704 0.005000 0.272352
-2.903764 -0.222704 0.005000 0.788794
-2.419804 -0.222704 0.005000 3.831083
-1.935843 -0.222704 0.005000 4.710064
-1.451882 -0.222704 0.005000 5.407560
-0.967921 -0.222704 0.005000 5.666454
-0.483961 -0.222704 0.005000 5.424066
0.000000 -0.222704 0.005000 5.083996
0.483961 -0.222704 0.005000 5.316251
0.967921 -0.222704 0.005000 5.709755
1.451882 -0.222704 0.005000 5.450227
1.935843 -0.222704 0.005000 4.749115
2.419804 -0.222704 0.005000 3.878473
2.903764 -0.222704 0.005000 0.822438
3.387725 -0.222704 0.005000 0.272044
3.387725 0.000000 0.005000 0.275882
2.903764 0.000000 0.005000 0.784971
2.419804 0.000000 0.005000 3.198247
1.935843 0.000000 0.005000 4.326117
1.451882 0.000000 0.005000 4.798365
0.967921 0.000000 0.005000 4.891203
0.483961 0.000000 0.005000 4.884646
0.000000 0.000000 0.005000 4.599816
-0.483961 0.000000 0.005000 4.735148
-0.967921 0.000000 0.005000 4.872656
-1.451882 0.000000 0.005000 4.747357
-1.935843 0.000000 0.005000 4.263900
-2.419804 0.000000 0.005000 3.354353
-2.903764 0.000000 0.005000 0.808081
-3.387725 0.000000 0.005000 0.271473
-3.387725 0.222704 0.005000 0.264403
-2.903764 0.222704 0.005000 0.796447
-2.419804 0.222704 0.005000 3.768118
-1.935843 0.222704 0.005000 4.794336
-1.451882 0.222704 0.005000 5.394393
-0.967921 0.222704 0.005000 5.764555
-0.483961 0.222704 0.005000 5.471062
0.000000 0.222704 0.005000 5.105094
0.483961 0.222704 0.005000 5.388070
0.967921 0.222704 0.005000 5.859650
1.451882 0.222704 0.005000 5.382767
1.935843 0.222704 0.005000 4.772377
2.419804 0.222704 0.005000 3.833175
2.903764 0.222704 0.005000 0.785309
3.387725 0.222704 0.005000 0.275511
3.387725 0.445407 0.005000 0.255689
2.903764 0.445407 0.005000 0.694788
2.419804 0.445407 0.005000 3.590720
1.935843 0.445407 0.005000 4.500024
1.451882 0.445407 0.005000 5.037431
0.967921 0.445407 0.005000 5.325532
0.483961 0.445407 0.005000 4.977527
0.000000 0.445407 0.005000 4.657385
-0.483961 0.445407 0.005000 5.003181
-0.967921 0.445407 0.005000 5.292472
-1.451882 0.445407 0.005000 5.145259
-1.935843 0.445407 0.005000 4.376948
-2.419804 0.445407 0.005000 3.561916
-2.903764 0.445407 0.005000 0.718415
-3.387725 0.445407 0.005000 0.248021
-3.387725 0.668111 0.005000 0.216982
-2.903764 0.668111 0.005000 0.542113
-2.419804 0.668111 0.005000 1.995390
-1.935843 0.668111 0.005000 2.632549
-1.451882 0.668111 0.005000 2.861512
-0.967921 0.668111 0.005000 3.097718
-0.483961 0.668111 0.005000 2.899606
0.000000 0.668111 0.005000 2.845467
0.483961 0.668111 0.005000 2.972006
0.967921 0.668111 0.005000 3.092351
1.451882 0.668111 0.005000 2.897051
1.935843 0.668111 0.005000 2.681031
2.419804 0.668111 0.005000 2.043033
2.903764 0.668111 0.005000 0.565299
3.387725 0.668111 0.005000 0.221836
3.387725 0.890814 0.005000 0.193600
2.903764 0.890814 0.005000 0.381774
2.419804 0.890814 0.005000 0.938560
1.935843 0.890814 0.005000 1.333301
1.451882 0.890814 0.005000 1.436464
0.967921 0.890814 0.005000 1.483960
0.483961 0.890814 0.005000 1.489749
0.000000 0.890814 0.005000 1.514863
-0.483961 0.890814 0.005000 1.526225
-0.967921 0.890814 0.005000 1.491405
-1.451882 0.890814 0.005000 1.463815
-1.935843 0.890814 0.005000 1.271333
-2.419804 0.890814 0.005000 0.940480
-2.903764 0.890814 0.005000 0.384448
-3.387725 0.890814 0.005000 0.191962
-3.387725 1.113518 0.005000 0.162369
-2.903764 1.113518 0.005000 0.262378
-2.419804 1.113518 0.005000 0.511597
-1.935843 1.113518 0.005000 0.719191
-1.451882 1.113518 0.005000 0.762394
-0.967921 1.113518 0.005000 0.781530
-0.483961 1.113518 0.005000 0.808632
0.000000 1.113518 0.005000 0.813912
0.483961 1.113518 0.005000 0.797642
0.967921 1.113518 0.005000 0.802497
1.451882 1.113518 0.005000 0.786094
1.935843 1.113518 0.005000 0.680040
2.419804 1.113518 0.005000 0.503298
2.903764 1.113518 0.005000 0.275008
3.387725 1.113518 0.005000 0.164766
3.387725 1.336221 0.005000 0.138963
2.903764 1.336221 0.005000 0.193225
2.419804 1.336221 0.005000 0.302812
1.935843 1.336221 0.005000 0.411705
1.451882 1.336221 0.005000 0.469861
0.967921 1.336221 0.005000 0.486584
0.483961 1.336221 0.005000 0.499809
0.000000 1.336221 0.005000 0.501735
-0.483961 1.336221 0.005000 0.492583
-0.967921 1.336221 0.005000 0.486296
-1.451882 1.336221 0.005000 0.460977
-1.935843 1.336221 0.005000 0.410321
-2.419804 1.336221 0.005000 0.318790
-2.903764 1.336221 0.005000 0.201146
-3.387725 1.336221 0.005000 0.140540
-3.387725 1.558925 0.005000 0.125573
-2.903764 1.558925 0.005000 0.165787
-2.419804 1.558925 0.005000 0.237792
-1.935843 1.558925 0.005000 0.297750
-1.451882 1.558925 0.005000 0.338271
-0.967921 1.558925 0.005000 0.358723
-0.483961 1.558925 0.005000 0.368430
0.000000 1.558925 0.005000 0.370649
0.483961 1.558925 0.005000 0.365386
0.967921 1.558925 0.005000 0.356073
1.451882 1.558925 0.005000 0.336290
1.935843 1.558925 0.005000 0.298247
2.419804 1.558925 0.005000 0.237112
2.903764 1.558925 0.005000 0.164423
3.387725 1.558925 0.005000 0.126476
