-1.558925 -1.558925 0.005000 3.237965
-1.336221 -1.558925 0.005000 3.970909
-1.113518 -1.558925 0.005000 3.769146
-0.890814 -1.558925 0.005000 3.800979
-0.668111 -1.558925 0.005000 4.102619
-0.445407 -1.558925 0.005000 3.777691
-0.222704 -1.558925 0.005000 3.783979
0.000000 -1.558925 0.005000 4.165275
0.222704 -1.558925 0.005000 3.745626
0.445407 -1.558925 0.005000 3.777705
0.668111 -1.558925 0.005000 4.159458
0.890814 -1.558925 0.005000 3.785102
1.113518 -1.558925 0.005000 3.739459
1.336221 -1.558925 0.005000 4.007632
1.558925 -1.558925 0.005000 3.217663
1.558925 -1.336221 0.005000 4.116832
1.336221 -1.336221 0.005000 5.424654
1.113518 -1.336221 0.005000 4.750621
0.890814 -1.336221 0.005000 4.795045
0.668111 -1.336221 0.005000 5.544624
0.445407 -1.336221 0.005000 4.525114
0.222704 -1.336221 0.005000 4.685392
0.000000 -1.336221 0.005000 5.410281
-0.222704 -1.336221 0.005000 4.648382
-0.445407 -1.336221 0.005000 4.707956
-0.668111 -1.336221 0.005000 5.502364
-0.890814 -1.336221 0.005000 4.816961
-1.113518 -1.336221 0.005000 4.771663
-1.336221 -1.336221 0.005000 5.489863
-1.558925 -1.336221 0.005000 4.122165
-1.558925 -1.113518 0.005000 3.795683
-1.336221 -1.113518 0.005000 4.567732
-1.113518 -1.113518 0.005000 4.106640
-0.890814 -1.113518 0.005000 3.677266
-0.668111 -1.113518 0.005000 3.895101
-0.445407 -1.113518 0.005000 3.383864
-0.222704 -1.113518 0.005000 3.491435
0.000000 -1.113518 0.005000 3.813240
0.222704 -1.113518 0.005000 3.331312
0.445407 -1.113518 0.005000 3.432494
0.668111 -1.113518 0.005000 3.944113
0.890814 -1.113518 0.005000 3.649498
1.113518 -1.113518 0.005000 4.131634
1.336221 -1.113518 0.005000 4.588506
1.558925 -1.113518 0.005000 3.774701
1.558925 -0.890814 0.005000 3.841905
1.336221 -0.890814 0.005000 4.624176
1.113518 -0.890814 0.005000 3.760007
0.890814 -0.890814 0.005000 2.777435
0.668111 -0.890814 0.005000 2.194189
0.445407 -0.890814 0.005000 1.999785
0.222704 -0.890814 0.005000 1.915790
0.000000 -0.890814 0.005000 1.869874
-0.222704 -0.890814 0.005000 1.912770
-0.445407 -0.890814 0.005000 2.054207
-0.668111 -0.890814 0.005000 2.169648
-0.890814 -0.890814 0.005000 2.782636
-1.113518 -0.890814 0.005000 3.752039
-1.336221 -0.890814 0.005000 4.657932
-1.558925 -0.890814 0.005000 3.786719
-1.558925 -0.668111 0.005000 4.261991
-1.336221 -0.668111 0.005000 5.400606
-1.113518 -0.668111 0.005000 4.002713
-0.890814 -0.668111 0.005000 2.308449
-0.668111 -0.668111 0.005000 1.597378
-0.445407 -0.668111 0.005000 1.262731
-0.222704 -0.668111 0.005000 1.111456
0.000000 -0.668111 0.005000 1.129551
0.222704 -0.668111 0.005000 1.190721
0.445407 -0.668111 0.005000 1.258377
0.668111 -0.668111 0.005000 1.541037
0.890814 -0.668111 0.005000 2.287857
1.113518 -0.668111 0.005000 4.028275
1.336221 -0.668111 0.005000 5.412310
1.558925 -0.668111 0.005000 4.296089
1.558925 -0.445407 0.005000 3.727931
1.336221 -0.445407 0.005000 4.475545
1.113518 -0.445407 0.005000 3.483130
0.890814 -0.445407 0.005000 2.028104
0.668111 -0.445407 0.005000 1.292720
0.445407 -0.445407 0.005000 0.959974
0.222704 -0.445407 0.005000 0.823471
0.000000 -0.445407 0.005000 0.797206
-0.222704 -0.445407 0.005000 0.809871
-0.445407 -0.445407 0.005000 0.934514
-0.668111 -0.445407 0.005000 1.192240
-0.890814 -0.445407 0.005000 2.021675
-1.113518 -0.445407 0.005000 3.375025
-1.336221 -0.445407 0.005000 4.363285
-1.558925 -0.445407 0.005000 3.626799
-1.558925 -0.222704 0.005000 3.675525
-1.336221 -0.222704 0.005000 4.451127
-1.113518 -0.222704 0.005000 3.343134
-0.890814 -0.222704 0.005000 1.909514
-0.668111 -0.222704 0.005000 1.110873
-0.445407 -0.222704 0.005000 0.821043
-0.222704 -0.222704 0.005000 0.689461
0.000000 -0.222704 0.005000 0.648082
0.222704 -0.222704 0.005000 0.702947
0.445407 -0.222704 0.005000 0.815022
0.668111 -0.222704 0.005000 1.144694
0.890814 -0.222704 0.005000 1.942911
1.113518 -0.222704 0.005000 3.289047
1.336221 -0.222704 0.005000 4.510350
1.558925 -0.222704 0.005000 3.708668
1.558925 0.000000 0.005000 4.267641
1.336221 0.000000 0.005000 5.434685
1.113518 0.000000 0.005000 3.879453
0.890814 0.000000 0.005000 2.033744
0.668111 0.000000 0.005000 1.200804
0.445407 0.000000 0.005000 0.790723
0.222704 0.000000 0.005000 0.642086
0.000000 0.000000 0.005000 0.618133
-0.222704 0.000000 0.005000 0.646952
-0.445407 0.000000 0.005000 0.764300
-0.668111 0.000000 0.005000 1.099975
-0.890814 0.000000 0.005000 2.029987
-1.113518 0.000000 0.005000 3.815822
-1.336221 0.000000 0.005000 5.408294
-1.558925 0.000000 0.005000 4.255224
-1.558925 0.222704 0.005000 3.740126
-1.336221 0.222704 0.005000 4.454376
-1.113518 0.222704 0.005000 3.429191
-0.890814 0.222704 0.005000 1.957044
-0.668111 0.222704 0.005000 1.207304
-0.445407 0.222704 0.005000 0.819478
-0.222704 0.222704 0.005000 0.689134
0.000000 0.222704 0.005000 0.655905
0.222704 0.222704 0.005000 0.679417
0.445407 0.222704 0.005000 0.830325
0.668111 0.222704 0.005000 1.135894
0.890814 0.222704 0.005000 1.904581
1.113518 0.222704 0.005000 3.372249
1.336221 0.222704 0.005000 4.418514
1.558925 0.222704 0.005000 3.703758
1.558925 0.445407 0.005000 3.674294
1.336221 0.445407 0.005000 4.495995
1.113518 0.445407 0.005000 3.357914
0.890814 0.445407 0.005000 1.997477
0.668111 0.445407 0.005000 1.254270
0.445407 0.445407 0.005000 0.943307
0.222704 0.445407 0.005000 0.816623
0.000000 0.445407 0.005000 0.789033
-0.222704 0.445407 0.005000 0.796927
-0.445407 0.445407 0.005000 0.924689
-0.668111 0.445407 0.005000 1.245019
-0.890814 0.445407 0.005000 1.980226
-1.113518 0.445407 0.005000 3.355298
-1.336221 0.445407 0.005000 4.332462
-1.558925 0.445407 0.005000 3.711244
-1.558925 0.668111 0.005000 4.258753
-1.336221 0.668111 0.005000 5.445092
-1.113518 0.668111 0.005000 3.990670
-0.890814 0.668111 0.005000 2.368890
-0.668111 0.668111 0.005000 1.490299
-0.445407 0.668111 0.005000 1.276409
-0.222704 0.668111 0.005000 1.172967
0.000000 0.668111 0.005000 1.119669
0.222704 0.668111 0.005000 1.150585
0.445407 0.668111 0.005000 1.227771
0.668111 0.668111 0.005000 1.580791
0.890814 0.668111 0.005000 2.422680
1.113518 0.668111 0.005000 4.061554
1.336221 0.668111 0.005000 5.494414
1.558925 0.668111 0.005000 4.327606
1.558925 0.890814 0.005000 3.623460
1.336221 0.890814 0.005000 4.621496
1.113518 0.890814 0.005000 3.802328
0.890814 0.890814 0.005000 2.708137
0.668111 0.890814 0.005000 2.265792
0.445407 0.890814 0.005000 1.968094
0.222704 0.890814 0.005000 1.834169
0.000000 0.890814 0.005000 1.866595
-0.222704 0.890814 0.005000 1.894269
-0.445407 0.890814 0.005000 1.935296
-0.668111 0.890814 0.005000 2.237778
-0.890814 0.890814 0.005000 2.704362
-1.113518 0.890814 0.005000 3.752111
-1.336221 0.890814 0.005000 4.673069
-1.558925 0.890814 0.005000 3.813869
-1.558925 1.113518 0.005000 3.688462
-1.336221 1.113518 0.005000 4.504553
-1.113518 1.113518 0.005000 4.095295
-0.890814 1.113518 0.005000 3.873961
-0.668111 1.113518 0.005000 3.842555
-0.445407 1.113518 0.005000 3.424520
-0.222704 1.113518 0.005000 3.344731
0.000000 1.113518 0.005000 3.575520
0.222704 1.113518 0.005000 3.489108
0.445407 1.113518 0.005000 3.423421
0.668111 1.113518 0.005000 4.000274
0.890814 1.113518 0.005000 3.810667
1.113518 1.113518 0.005000 4.064577
1.336221 1.113518 0.005000 4.564695
1.558925 1.113518 0.005000 3.670431
1.558925 1.336221 0.005000 4.150771
1.336221 1.336221 0.005000 5.456121
1.113518 1.336221 0.005000 4.860367
0.890814 1.336221 0.005000 4.706768
0.668111 1.336221 0.005000 5.501766
0.445407 1.336221 0.005000 4.649417
0.222704 1.336221 0.005000 4.583970
0.000000 1.336221 0.005000 5.414513
-0.222704 1.336221 0.005000 4.600519
-0.445407 1.336221 0.005000 4.630128
-0.668111 1.336221 0.005000 5.509661
-0.890814 1.336221 0.005000 4.782620
-1.113518 1.336221 0.005000 4.824914
-1.336221 1.336221 0.005000 5.417577
-1.558925 1.336221 0.005000 4.039888
-1.558925 1.558925 0.005000 3.132006
-1.336221 1.558925 0.005000 3.883667
-1.113518 1.558925 0.005000 3.861651
-0.890814 1.558925 0.005000 3.765926
-0.668111 1.558925 0.005000 4.022932
-0.445407 1.558925 0.005000 3.774975
-0.222704 1.558925 0.005000 3.765979
0.000000 1.558925 0.005000 4.185354
0.222704 1.558925 0.005000 3.754304
0.445407 1.558925 0.005000 3.713218
0.668111 1.558925 0.005000 4.233308
0.890814 1.558925 0.005000 3.829986
1.113518 1.558925 0.005000 3.801167
1.336221 1.558925 0.005000 4.054077
1.558925 1.558925 0.005000 3.116351
