-1.558925 -1.558925 0.005000 0.208745
-1.336221 -1.558925 0.005000 0.247203
-1.113518 -1.558925 0.005000 0.318224
-0.890814 -1.558925 0.005000 0.396934
-0.668111 -1.558925 0.005000 0.454571
-0.445407 -1.558925 0.005000 0.495199
-0.222704 -1.558925 0.005000 0.522085
0.000000 -1.558925 0.005000 0.535322
0.222704 -1.558925 0.005000 0.523946
0.445407 -1.558925 0.005000 0.510699
0.668111 -1.558925 0.005000 0.447439
0.890814 -1.558925 0.005000 0.394448
1.113518 -1.558925 0.005000 0.315987
1.336221 -1.558925 0.005000 0.252094
1.558925 -1.558925 0.005000 0.208150
1.558925 -1.336221 0.005000 0.252669
1.336221 -1.336221 0.005000 0.332442
1.113518 -1.336221 0.005000 0.460143
0.890814 -1.336221 0.005000 0.643321
0.668111 -1.336221 0.005000 0.772380
0.445407 -1.336221 0.005000 0.875695
0.222704 -1.336221 0.005000 0.893942
0.000000 -1.336221 0.005000 0.933856
-0.222704 -1.336221 0.005000 0.905677
-0.445407 -1.336221 0.005000 0.856610
-0.668111 -1.336221 0.005000 0.776842
-0.890814 -1.336221 0.005000 0.643463
-1.113518 -1.336221 0.005000 0.482664
-1.336221 -1.336221 0.005000 0.325795
-1.558925 -1.336221 0.005000 0.252149
-1.558925 -1.113518 0.005000 0.319603
-1.336221 -1.113518 0.005000 0.449773
-1.113518 -1.113518 0.005000 0.825682
-0.890814 -1.113518 0.005000 1.283689
-0.668111 -1.113518 0.005000 1.568177
-0.445407 -1.113518 0.005000 1.674322
-0.222704 -1.113518 0.005000 1.762208
0.000000 -1.113518 0.005000 1.861517
0.222704 -1.113518 0.005000 1.726276
0.445407 -1.113518 0.005000 1.677069
0.668111 -1.113518 0.005000 1.579033
0.890814 -1.113518 0.005000 1.228523
1.113518 -1.113518 0.005000 0.791187
1.336221 -1.113518 0.005000 0.472148
1.558925 -1.113518 0.005000 0.316923
1.558925 -0.890814 0.005000 0.401581
1.336221 -0.890814 0.005000 0.668731
1.113518 -0.890814 0.005000 1.295092
0.890814 -0.890814 0.005000 2.502080
0.668111 -0.890814 0.005000 3.621613
0.445407 -0.890814 0.005000 3.314361
0.222704 -0.890814 0.005000 3.365176
0.000000 -0.890814 0.005000 3.742620
-0.222704 -0.890814 0.005000 3.278118
-0.445407 -0.890814 0.005000 3.251800
-0.668111 -0.890814 0.005000 3.462223
-0.890814 -0.890814 0.005000 2.529168
-1.113518 -0.890814 0.005000 1.292972
-1.336221 -0.890814 0.005000 0.633312
-1.558925 -0.890814 0.005000 0.398675
-1.558925 -0.668111 0.005000 0.470673
-1.336221 -0.668111 0.005000 0.759657
-1.113518 -0.668111 0.005000 1.677665
-0.890814 -0.668111 0.005000 3.641520
-0.668111 -0.668111 0.005000 5.155049
-0.445407 -0.668111 0.005000 4.520465
-0.222704 -0.668111 0.005000 4.544861
0.000000 -0.668111 0.005000 5.354748
0.222704 -0.668111 0.005000 4.669164
0.445407 -0.668111 0.005000 4.509341
0.668111 -0.668111 0.005000 5.109144
0.890814 -0.668111 0.005000 3.512714
1.113518 -0.668111 0.005000 1.691325
1.336221 -0.668111 0.005000 0.741962
1.558925 -0.668111 0.005000 0.462876
1.558925 -0.445407 0.005000 0.494240
1.336221 -0.445407 0.005000 0.836211
1.113518 -0.445407 0.005000 1.692292
0.890814 -0.445407 0.005000 3.205849
0.668111 -0.445407 0.005000 4.288106
0.445407 -0.445407 0.005000 4.111959
0.222704 -0.445407 0.005000 3.819944
0.000000 -0.445407 0.005000 4.021414
-0.222704 -0.445407 0.005000 3.923148
-0.445407 -0.445407 0.005000 3.989908
-0.668111 -0.445407 0.005000 4.245579
-0.890814 -0.445407 0.005000 3.250382
-1.113518 -0.445407 0.005000 1.711152
-1.336221 -0.445407 0.005000 0.861961
-1.558925 -0.445407 0.005000 0.489946
-1.558925 -0.222704 0.005000 0.526000
-1.336221 -0.222704 0.005000 0.882226
-1.113518 -0.222704 0.005000 1.768899
-0.890814 -0.222704 0.005000 3.265697
-0.668111 -0.222704 0.005000 4.412273
-0.445407 -0.222704 0.005000 3.803320
-0.222704 -0.222704 0.005000 2.965552
0.000000 -0.222704 0.005000 2.701278
0.222704 -0.222704 0.005000 2.833037
0.445407 -0.222704 0.005000 3.727949
0.668111 -0.222704 0.005000 4.374174
0.890814 -0.222704 0.005000 3.217540
1.113518 -0.222704 0.005000 1.750694
1.336221 -0.222704 0.005000 0.860999
1.558925 -0.222704 0.005000 0.540838
1.558925 0.000000 0.005000 0.566994
1.336221 0.000000 0.005000 0.948759
1.113518 0.000000 0.005000 1.869701
0.890814 0.000000 0.005000 3.853895
0.668111 0.000000 0.005000 5.314284
0.445407 0.000000 0.005000 4.270284
0.222704 0.000000 0.005000 2.692907
0.000000 0.000000 0.005000 2.258923
-0.222704 0.000000 0.005000 2.667633
-0.445407 0.000000 0.005000 4.261518
-0.668111 0.000000 0.005000 5.382691
-0.890814 0.000000 0.005000 3.943767
-1.113518 0.000000 0.005000 1.880164
-1.336221 0.000000 0.005000 0.896635
-1.558925 0.000000 0.005000 0.549329
-1.558925 0.222704 0.005000 0.534231
-1.336221 0.222704 0.005000 0.835183
-1.113518 0.222704 0.005000 1.759386
-0.890814 0.222704 0.005000 3.386281
-0.668111 0.222704 0.005000 4.445755
-0.445407 0.222704 0.005000 3.807384
-0.222704 0.222704 0.005000 2.897936
0.000000 0.222704 0.005000 2.620169
0.222704 0.222704 0.005000 2.889697
0.445407 0.222704 0.005000 3.773608
0.668111 0.222704 0.005000 4.405989
0.890814 0.222704 0.005000 3.351340
1.113518 0.222704 0.005000 1.784347
1.336221 0.222704 0.005000 0.863695
1.558925 0.222704 0.005000 0.548434
1.558925 0.445407 0.005000 0.512302
1.336221 0.445407 0.005000 0.895766
1.113518 0.445407 0.005000 1.792444
0.890814 0.445407 0.005000 3.192233
0.668111 0.445407 0.005000 4.300047
0.445407 0.445407 0.005000 3.944720
0.222704 0.445407 0.005000 3.763369
0.000000 0.445407 0.005000 4.167869
-0.222704 0.445407 0.005000 3.831168
-0.445407 0.445407 0.005000 4.053594
-0.668111 0.445407 0.005000 4.345029
-0.890814 0.445407 0.005000 3.139826
-1.113518 0.445407 0.005000 1.717632
-1.336221 0.445407 0.005000 0.859715
-1.558925 0.445407 0.005000 0.486859
-1.558925 0.668111 0.005000 0.453649
-1.336221 0.668111 0.005000 0.764914
-1.113518 0.668111 0.005000 1.739368
-0.890814 0.668111 0.005000 3.615118
-0.668111 0.668111 0.005000 5.251523
-0.445407 0.668111 0.005000 4.575221
-0.222704 0.668111 0.005000 4.597093
0.000000 0.668111 0.005000 5.331474
0.222704 0.668111 0.005000 4.595468
0.445407 0.668111 0.005000 4.582569
0.668111 0.668111 0.005000 5.063455
0.890814 0.668111 0.005000 3.640646
1.113518 0.668111 0.005000 1.703835
1.336221 0.668111 0.005000 0.770159
1.558925 0.668111 0.005000 0.447170
1.558925 0.890814 0.005000 0.402026
1.336221 0.890814 0.005000 0.599942
1.113518 0.890814 0.005000 1.299475
0.890814 0.890814 0.005000 2.430152
0.668111 0.890814 0.005000 3.371943
0.445407 0.890814 0.005000 3.260462
0.222704 0.890814 0.005000 3.381723
0.000000 0.890814 0.005000 3.753249
-0.222704 0.890814 0.005000 3.343581
-0.445407 0.890814 0.005000 3.215356
-0.668111 0.890814 0.005000 3.437020
-0.890814 0.890814 0.005000 2.556984
-1.113518 0.890814 0.005000 1.284641
-1.336221 0.890814 0.005000 0.629821
-1.558925 0.890814 0.005000 0.397720
-1.558925 1.113518 0.005000 0.327260
-1.336221 1.113518 0.005000 0.478988
-1.113518 1.113518 0.005000 0.775961
-0.890814 1.113518 0.005000 1.225552
-0.668111 1.113518 0.005000 1.602278
-0.445407 1.113518 0.005000 1.662351
-0.222704 1.113518 0.005000 1.716393
0.000000 1.113518 0.005000 1.822173
0.222704 1.113518 0.005000 1.725251
0.445407 1.113518 0.005000 1.670410
0.668111 1.113518 0.005000 1.642929
0.890814 1.113518 0.005000 1.242588
1.113518 1.113518 0.005000 0.744236
1.336221 1.113518 0.005000 0.481724
1.558925 1.113518 0.005000 0.326165
1.558925 1.336221 0.005000 0.256098
1.336221 1.336221 0.005000 0.334027
1.113518 1.336221 0.005000 0.458252
0.890814 1.336221 0.005000 0.628769
0.668111 1.336221 0.005000 0.788627
0.445407 1.336221 0.005000 0.823407
0.222704 1.336221 0.005000 0.876571
0.000000 1.336221 0.005000 0.894251
-0.222704 1.336221 0.005000 0.870115
-0.445407 1.336221 0.005000 0.837768
-0.668111 1.336221 0.005000 0.780484
-0.890814 1.336221 0.005000 0.634983
-1.113518 1.336221 0.005000 0.457841
-1.336221 1.336221 0.005000 0.318423
-1.558925 1.336221 0.005000 0.257007
-1.558925 1.558925 0.005000 0.213877
-1.336221 1.558925 0.005000 0.252517
-1.113518 1.558925 0.005000 0.317285
-0.890814 1.558925 0.005000 0.386900
-0.668111 1.558925 0.005000 0.466613
-0.445407 1.558925 0.005000 0.504544
-0.222704 1.558925 0.005000 0.533500
0.000000 1.558925 0.005000 0.553299
0.222704 1.558925 0.005000 0.537993
0.445407 1.558925 0.005000 0.502778
0.668111 1.558925 0.005000 0.457746
0.890814 1.558925 0.005000 0.397338
1.113518 1.558925 0.005000 0.318176
1.336221 1.558925 0.005000 0.250422
1.558925 1.558925 0.005000 0.213389
