-1.558925 -1.558925 0.005000 6.732733
-1.336221 -1.558925 0.005000 5.618733
-1.113518 -1.558925 0.005000 5.837541
-0.890814 -1.558925 0.005000 5.486749
-0.668111 -1.558925 0.005000 4.835586
-0.445407 -1.558925 0.005000 5.397772
-0.222704 -1.558925 0.005000 5.357803
0.000000 -1.558925 0.005000 4.588311
0.222704 -1.558925 0.005000 5.361671
0.445407 -1.558925 0.005000 5.381891
0.668111 -1.558925 0.005000 4.678294
0.890814 -1.558925 0.005000 5.615683
1.113518 -1.558925 0.005000 5.863348
1.336221 -1.558925 0.005000 5.510748
1.558925 -1.558925 0.005000 6.730109
1.558925 -1.336221 0.005000 5.443982
1.336221 -1.336221 0.005000 4.299041
1.113518 -1.336221 0.005000 3.822518
0.890814 -1.336221 0.005000 3.418110
0.668111 -1.336221 0.005000 2.994425
0.445407 -1.336221 0.005000 3.137539
0.222704 -1.336221 0.005000 3.034158
0.000000 -1.336221 0.005000 2.953163
-0.222704 -1.336221 0.005000 3.002320
-0.445407 -1.336221 0.005000 3.257333
-0.668111 -1.336221 0.005000 2.955776
-0.890814 -1.336221 0.005000 3.421025
-1.113518 -1.336221 0.005000 3.697901
-1.336221 -1.336221 0.005000 4.333741
-1.558925 -1.336221 0.005000 5.399932
-1.558925 -1.113518 0.005000 5.881181
-1.336221 -1.113518 0.005000 3.810145
-1.113518 -1.113518 0.005000 2.637825
-0.890814 -1.113518 0.005000 2.114504
-0.668111 -1.113518 0.005000 1.788825
-0.445407 -1.113518 0.005000 1.809506
-0.222704 -1.113518 0.005000 1.795021
0.000000 -1.113518 0.005000 1.614851
0.222704 -1.113518 0.005000 1.772025
0.445407 -1.113518 0.005000 1.800564
0.668111 -1.113518 0.005000 1.849106
0.890814 -1.113518 0.005000 2.139923
1.113518 -1.113518 0.005000 2.657161
1.336221 -1.113518 0.005000 3.887451
1.558925 -1.113518 0.005000 5.909792
1.558925 -0.890814 0.005000 5.597621
1.336221 -0.890814 0.005000 3.537387
1.113518 -0.890814 0.005000 2.066218
0.890814 -0.890814 0.005000 1.487778
0.668111 -0.890814 0.005000 1.285567
0.445407 -0.890814 0.005000 1.158642
0.222704 -0.890814 0.005000 1.068646
0.000000 -0.890814 0.005000 1.071858
-0.222704 -0.890814 0.005000 1.053692
-0.445407 -0.890814 0.005000 1.161624
-0.668111 -0.890814 0.005000 1.246808
-0.890814 -0.890814 0.005000 1.584896
-1.113518 -0.890814 0.005000 1.977259
-1.336221 -0.890814 0.005000 3.503542
-1.558925 -0.890814 0.005000 5.570271
-1.558925 -0.668111 0.005000 4.686579
-1.336221 -0.668111 0.005000 3.145597
-1.113518 -0.668111 0.005000 1.877216
-0.890814 -0.668111 0.005000 1.267280
-0.668111 -0.668111 0.005000 0.985248
-0.445407 -0.668111 0.005000 0.849202
-0.222704 -0.668111 0.005000 0.835923
0.000000 -0.668111 0.005000 0.803594
0.222704 -0.668111 0.005000 0.797116
0.445407 -0.668111 0.005000 0.912429
0.668111 -0.668111 0.005000 0.984829
0.890814 -0.668111 0.005000 1.258677
1.113518 -0.668111 0.005000 1.836714
1.336221 -0.668111 0.005000 3.043769
1.558925 -0.668111 0.005000 4.560570
1.558925 -0.445407 0.005000 5.417470
1.336221 -0.445407 0.005000 3.219892
1.113518 -0.445407 0.005000 1.775130
0.890814 -0.445407 0.005000 1.088691
0.668111 -0.445407 0.005000 0.835052
0.445407 -0.445407 0.005000 0.704888
0.222704 -0.445407 0.005000 0.711687
0.000000 -0.445407 0.005000 0.673970
-0.222704 -0.445407 0.005000 0.715079
-0.445407 -0.445407 0.005000 0.756411
-0.668111 -0.445407 0.005000 0.860357
-0.890814 -0.445407 0.005000 1.139367
-1.113518 -0.445407 0.005000 1.696872
-1.336221 -0.445407 0.005000 3.175008
-1.558925 -0.445407 0.005000 5.484967
-1.558925 -0.222704 0.005000 5.406594
-1.336221 -0.222704 0.005000 3.228776
-1.113518 -0.222704 0.005000 1.661358
-0.890814 -0.222704 0.005000 1.104235
-0.668111 -0.222704 0.005000 0.807300
-0.445407 -0.222704 0.005000 0.691328
-0.222704 -0.222704 0.005000 0.612320
0.000000 -0.222704 0.005000 0.567399
0.222704 -0.222704 0.005000 0.592322
0.445407 -0.222704 0.005000 0.668304
0.668111 -0.222704 0.005000 0.839116
0.890814 -0.222704 0.005000 1.069464
1.113518 -0.222704 0.005000 1.737076
1.336221 -0.222704 0.005000 3.135600
1.558925 -0.222704 0.005000 5.402684
1.558925 0.000000 0.005000 4.505631
1.336221 0.000000 0.005000 2.913400
1.113518 0.000000 0.005000 1.704987
0.890814 0.000000 0.005000 1.123273
0.668111 0.000000 0.005000 0.808015
0.445407 0.000000 0.005000 0.636762
0.222704 0.000000 0.005000 0.576007
0.000000 0.000000 0.005000 0.561610
-0.222704 0.000000 0.005000 0.585200
-0.445407 0.000000 0.005000 0.622415
-0.668111 0.000000 0.005000 0.802125
-0.890814 0.000000 0.005000 1.120522
-1.113518 0.000000 0.005000 1.612377
-1.336221 0.000000 0.005000 2.955917
-1.558925 0.000000 0.005000 4.484851
-1.558925 0.222704 0.005000 5.326021
-1.336221 0.222704 0.005000 3.106323
-1.113518 0.222704 0.005000 1.762008
-0.890814 0.222704 0.005000 1.152778
-0.668111 0.222704 0.005000 0.797938
-0.445407 0.222704 0.005000 0.697128
-0.222704 0.222704 0.005000 0.606838
0.000000 0.222704 0.005000 0.540314
0.222704 0.222704 0.005000 0.620370
0.445407 0.222704 0.005000 0.655895
0.668111 0.222704 0.005000 0.822403
0.890814 0.222704 0.005000 1.114725
1.113518 0.222704 0.005000 1.690486
1.336221 0.222704 0.005000 3.263450
1.558925 0.222704 0.005000 5.317350
1.558925 0.445407 0.005000 5.227928
1.336221 0.445407 0.005000 3.247938
1.113518 0.445407 0.005000 1.778922
0.890814 0.445407 0.005000 1.121411
0.668111 0.445407 0.005000 0.833699
0.445407 0.445407 0.005000 0.677933
0.222704 0.445407 0.005000 0.624663
0.000000 0.445407 0.005000 0.712397
-0.222704 0.445407 0.005000 0.612787
-0.445407 0.445407 0.005000 0.662964
-0.668111 0.445407 0.005000 0.852249
-0.890814 0.445407 0.005000 1.155121
-1.113518 0.445407 0.005000 1.780393
-1.336221 0.445407 0.005000 3.301917
-1.558925 0.445407 0.005000 5.362839
-1.558925 0.668111 0.005000 4.487327
-1.336221 0.668111 0.005000 3.077359
-1.113518 0.668111 0.005000 1.774853
-0.890814 0.668111 0.005000 1.235378
-0.668111 0.668111 0.005000 0.983119
-0.445407 0.668111 0.005000 0.876570
-0.222704 0.668111 0.005000 0.742592
0.000000 0.668111 0.005000 0.765182
0.222704 0.668111 0.005000 0.776707
0.445407 0.668111 0.005000 0.821908
0.668111 0.668111 0.005000 0.983325
0.890814 0.668111 0.005000 1.327945
1.113518 0.668111 0.005000 1.929193
1.336221 0.668111 0.005000 3.009703
1.558925 0.668111 0.005000 4.690119
1.558925 0.890814 0.005000 5.674460
1.336221 0.890814 0.005000 3.482635
1.113518 0.890814 0.005000 2.056498
0.890814 0.890814 0.005000 1.563888
0.668111 0.890814 0.005000 1.332871
0.445407 0.890814 0.005000 1.113796
0.222704 0.890814 0.005000 1.055032
0.000000 0.890814 0.005000 1.117235
-0.222704 0.890814 0.005000 1.113809
-0.445407 0.890814 0.005000 1.134984
-0.668111 0.890814 0.005000 1.290684
-0.890814 0.890814 0.005000 1.526701
-1.113518 0.890814 0.005000 2.122588
-1.336221 0.890814 0.005000 3.458616
-1.558925 0.890814 0.005000 5.530229
-1.558925 1.113518 0.005000 5.893489
-1.336221 1.113518 0.005000 3.873980
-1.113518 1.113518 0.005000 2.647613
-0.890814 1.113518 0.005000 2.097506
-0.668111 1.113518 0.005000 1.876070
-0.445407 1.113518 0.005000 1.856029
-0.222704 1.113518 0.005000 1.691461
0.000000 1.113518 0.005000 1.631465
0.222704 1.113518 0.005000 1.760791
0.445407 1.113518 0.005000 1.722662
0.668111 1.113518 0.005000 1.860449
0.890814 1.113518 0.005000 2.199942
1.113518 1.113518 0.005000 2.653042
1.336221 1.113518 0.005000 3.759573
1.558925 1.113518 0.005000 5.869114
1.558925 1.336221 0.005000 5.455680
1.336221 1.336221 0.005000 4.271494
1.113518 1.336221 0.005000 3.795022
0.890814 1.336221 0.005000 3.428960
0.668111 1.336221 0.005000 3.055559
0.445407 1.336221 0.005000 3.144164
0.222704 1.336221 0.005000 3.042284
0.000000 1.336221 0.005000 2.852683
-0.222704 1.336221 0.005000 3.133582
-0.445407 1.336221 0.005000 3.105794
-0.668111 1.336221 0.005000 3.032133
-0.890814 1.336221 0.005000 3.387244
-1.113518 1.336221 0.005000 3.832712
-1.336221 1.336221 0.005000 4.381381
-1.558925 1.336221 0.005000 5.318240
-1.558925 1.558925 0.005000 6.742912
-1.336221 1.558925 0.005000 5.550415
-1.113518 1.558925 0.005000 5.857030
-0.890814 1.558925 0.005000 5.565770
-0.668111 1.558925 0.005000 4.876643
-0.445407 1.558925 0.005000 5.381316
-0.222704 1.558925 0.005000 5.354310
0.000000 1.558925 0.005000 4.719580
0.222704 1.558925 0.005000 5.406977
0.445407 1.558925 0.005000 5.348471
0.668111 1.558925 0.005000 4.825658
0.890814 1.558925 0.005000 5.700598
1.113518 1.558925 0.005000 6.004542
1.336221 1.558925 0.005000 5.543004
1.558925 1.558925 0.005000 6.766909
