5.516185e+01	5.516185e+01	5.516185e+01	
5.482080e+01	5.482080e+01	5.482080e+01	
5.069422e+01	5.069422e+01	5.069422e+01	
5.003223e+01	5.003223e+01	5.003223e+01	
4.807259e+01	4.807259e+01	4.807259e+01	
4.902911e+01	4.902911e+01	4.902911e+01	
4.750852e+01	4.750852e+01	4.750852e+01	
4.710211e+01	4.710211e+01	4.710211e+01	
4.758737e+01	4.758737e+01	4.758737e+01	
4.870245e+01	4.870245e+01	4.870245e+01	
4.908441e+01	4.908441e+01	4.908441e+01	
4.987357e+01	4.987357e+01	4.987357e+01	
5.077998e+01	5.077998e+01	5.077998e+01	
5.392204e+01	5.392204e+01	5.392204e+01	
5.533098e+01	5.533098e+01	5.533098e+01	
5.807764e+01	5.807764e+01	5.807764e+01	
5.202672e+01	5.202672e+01	5.202672e+01	
4.983953e+01	4.983953e+01	4.983953e+01	
4.813460e+01	4.813460e+01	4.813460e+01	
4.484607e+01	4.484607e+01	4.484607e+01	
4.407222e+01	4.407222e+01	4.407222e+01	
4.442264e+01	4.442264e+01	4.442264e+01	
5.123189e+01	5.123189e+01	5.123189e+01	
4.375620e+01	4.375620e+01	4.375620e+01	
4.629969e+01	4.629969e+01	4.629969e+01	
4.433665e+01	4.433665e+01	4.433665e+01	
4.717535e+01	4.717535e+01	4.717535e+01	
4.723590e+01	4.723590e+01	4.723590e+01	
5.172054e+01	5.172054e+01	5.172054e+01	
5.431142e+01	5.431142e+01	5.431142e+01	
5.035254e+01	5.035254e+01	5.035254e+01	
4.786588e+01	4.786588e+01	4.786588e+01	
4.454306e+01	4.454306e+01	4.454306e+01	
4.218307e+01	4.218307e+01	4.218307e+01	
4.087599e+01	4.087599e+01	4.087599e+01	
4.034046e+01	4.034046e+01	4.034046e+01	
4.564561e+01	4.564561e+01	4.564561e+01	
3.995672e+01	3.995672e+01	3.995672e+01	
4.097108e+01	4.097108e+01	4.097108e+01	
4.013658e+01	4.013658e+01	4.013658e+01	
4.085360e+01	4.085360e+01	4.085360e+01	
4.191965e+01	4.191965e+01	4.191965e+01	
4.441199e+01	4.441199e+01	4.441199e+01	
4.713561e+01	4.713561e+01	4.713561e+01	
5.031837e+01	5.031837e+01	5.031837e+01	
4.964001e+01	4.964001e+01	4.964001e+01	
4.612551e+01	4.612551e+01	4.612551e+01	
4.214051e+01	4.214051e+01	4.214051e+01	
5.512465e+01	5.512465e+01	5.512465e+01	
4.152823e+01	4.152823e+01	4.152823e+01	
3.843768e+01	3.843768e+01	3.843768e+01	
3.791129e+01	3.791129e+01	3.791129e+01	
3.771871e+01	3.771871e+01	3.771871e+01	
4.230565e+01	4.230565e+01	4.230565e+01	
3.817966e+01	3.817966e+01	3.817966e+01	
3.863789e+01	3.863789e+01	3.863789e+01	
5.440146e+01	5.440146e+01	5.440146e+01	
4.386361e+01	4.386361e+01	4.386361e+01	
4.637169e+01	4.637169e+01	4.637169e+01	
4.904110e+01	4.904110e+01	4.904110e+01	
4.815904e+01	4.815904e+01	4.815904e+01	
4.465675e+01	4.465675e+01	4.465675e+01	
4.181251e+01	4.181251e+01	4.181251e+01	
3.974314e+01	3.974314e+01	3.974314e+01	
3.822496e+01	3.822496e+01	3.822496e+01	
3.828886e+01	3.828886e+01	3.828886e+01	
3.672725e+01	3.672725e+01	3.672725e+01	
3.657241e+01	3.657241e+01	3.657241e+01	
3.676639e+01	3.676639e+01	3.676639e+01	
3.738905e+01	3.738905e+01	3.738905e+01	
3.762260e+01	3.762260e+01	3.762260e+01	
3.858227e+01	3.858227e+01	3.858227e+01	
4.132714e+01	4.132714e+01	4.132714e+01	
4.612751e+01	4.612751e+01	4.612751e+01	
4.970312e+01	4.970312e+01	4.970312e+01	
4.763744e+01	4.763744e+01	4.763744e+01	
4.408503e+01	4.408503e+01	4.408503e+01	
4.140148e+01	4.140148e+01	4.140148e+01	
3.887817e+01	3.887817e+01	3.887817e+01	
3.822423e+01	3.822423e+01	3.822423e+01	
3.653925e+01	3.653925e+01	3.653925e+01	
3.625486e+01	3.625486e+01	3.625486e+01	
3.650446e+01	3.650446e+01	3.650446e+01	
3.688700e+01	3.688700e+01	3.688700e+01	
3.869896e+01	3.869896e+01	3.869896e+01	
3.765413e+01	3.765413e+01	3.765413e+01	
3.906022e+01	3.906022e+01	3.906022e+01	
4.027357e+01	4.027357e+01	4.027357e+01	
4.382841e+01	4.382841e+01	4.382841e+01	
4.769889e+01	4.769889e+01	4.769889e+01	
4.752234e+01	4.752234e+01	4.752234e+01	
4.375245e+01	4.375245e+01	4.375245e+01	
3.981335e+01	3.981335e+01	3.981335e+01	
3.842900e+01	3.842900e+01	3.842900e+01	
3.798617e+01	3.798617e+01	3.798617e+01	
3.637589e+01	3.637589e+01	3.637589e+01	
3.592160e+01	3.592160e+01	3.592160e+01	
3.572634e+01	3.572634e+01	3.572634e+01	
4.276194e+01	4.276194e+01	4.276194e+01	
3.708525e+01	3.708525e+01	3.708525e+01	
3.731497e+01	3.731497e+01	3.731497e+01	
3.782088e+01	3.782088e+01	3.782088e+01	
3.979190e+01	3.979190e+01	3.979190e+01	
4.653724e+01	4.653724e+01	4.653724e+01	
4.790475e+01	4.790475e+01	4.790475e+01	
4.792046e+01	4.792046e+01	4.792046e+01	
5.090113e+01	5.090113e+01	5.090113e+01	
3.987877e+01	3.987877e+01	3.987877e+01	
3.797003e+01	3.797003e+01	3.797003e+01	
3.734230e+01	3.734230e+01	3.734230e+01	
3.617299e+01	3.617299e+01	3.617299e+01	
3.623756e+01	3.623756e+01	3.623756e+01	
3.580396e+01	3.580396e+01	3.580396e+01	
3.597230e+01	3.597230e+01	3.597230e+01	
3.619430e+01	3.619430e+01	3.619430e+01	
3.664687e+01	3.664687e+01	3.664687e+01	
3.770104e+01	3.770104e+01	3.770104e+01	
4.032486e+01	4.032486e+01	4.032486e+01	
4.409275e+01	4.409275e+01	4.409275e+01	
4.780327e+01	4.780327e+01	4.780327e+01	
4.746853e+01	4.746853e+01	4.746853e+01	
4.386376e+01	4.386376e+01	4.386376e+01	
4.009612e+01	4.009612e+01	4.009612e+01	
3.799116e+01	3.799116e+01	3.799116e+01	
3.782186e+01	3.782186e+01	3.782186e+01	
3.632357e+01	3.632357e+01	3.632357e+01	
3.670103e+01	3.670103e+01	3.670103e+01	
3.892603e+01	3.892603e+01	3.892603e+01	
3.626491e+01	3.626491e+01	3.626491e+01	
3.672131e+01	3.672131e+01	3.672131e+01	
3.684669e+01	3.684669e+01	3.684669e+01	
3.782830e+01	3.782830e+01	3.782830e+01	
4.003263e+01	4.003263e+01	4.003263e+01	
4.415067e+01	4.415067e+01	4.415067e+01	
4.767401e+01	4.767401e+01	4.767401e+01	
4.795773e+01	4.795773e+01	4.795773e+01	
4.406150e+01	4.406150e+01	4.406150e+01	
5.359241e+01	5.359241e+01	5.359241e+01	
3.821016e+01	3.821016e+01	3.821016e+01	
3.732096e+01	3.732096e+01	3.732096e+01	
3.711749e+01	3.711749e+01	3.711749e+01	
3.637447e+01	3.637447e+01	3.637447e+01	
3.623857e+01	3.623857e+01	3.623857e+01	
5.116936e+01	5.116936e+01	5.116936e+01	
3.664126e+01	3.664126e+01	3.664126e+01	
3.712674e+01	3.712674e+01	3.712674e+01	
3.803642e+01	3.803642e+01	3.803642e+01	
4.043696e+01	4.043696e+01	4.043696e+01	
4.432038e+01	4.432038e+01	4.432038e+01	
4.784101e+01	4.784101e+01	4.784101e+01	
4.819693e+01	4.819693e+01	4.819693e+01	
4.463880e+01	4.463880e+01	4.463880e+01	
4.071333e+01	4.071333e+01	4.071333e+01	
3.943934e+01	3.943934e+01	3.943934e+01	
3.761404e+01	3.761404e+01	3.761404e+01	
3.715245e+01	3.715245e+01	3.715245e+01	
3.687265e+01	3.687265e+01	3.687265e+01	
3.763972e+01	3.763972e+01	3.763972e+01	
3.695853e+01	3.695853e+01	3.695853e+01	
3.704767e+01	3.704767e+01	3.704767e+01	
3.759171e+01	3.759171e+01	3.759171e+01	
3.958860e+01	3.958860e+01	3.958860e+01	
4.114897e+01	4.114897e+01	4.114897e+01	
4.475573e+01	4.475573e+01	4.475573e+01	
4.865600e+01	4.865600e+01	4.865600e+01	
5.172018e+01	5.172018e+01	5.172018e+01	
5.859093e+01	5.859093e+01	5.859093e+01	
4.277871e+01	4.277871e+01	4.277871e+01	
3.966916e+01	3.966916e+01	3.966916e+01	
3.875298e+01	3.875298e+01	3.875298e+01	
3.807513e+01	3.807513e+01	3.807513e+01	
3.871149e+01	3.871149e+01	3.871149e+01	
3.783089e+01	3.783089e+01	3.783089e+01	
3.840135e+01	3.840135e+01	3.840135e+01	
3.803018e+01	3.803018e+01	3.803018e+01	
4.243879e+01	4.243879e+01	4.243879e+01	
3.984919e+01	3.984919e+01	3.984919e+01	
4.212060e+01	4.212060e+01	4.212060e+01	
4.566217e+01	4.566217e+01	4.566217e+01	
4.920720e+01	4.920720e+01	4.920720e+01	
5.066156e+01	5.066156e+01	5.066156e+01	
4.743243e+01	4.743243e+01	4.743243e+01	
4.399615e+01	4.399615e+01	4.399615e+01	
4.286143e+01	4.286143e+01	4.286143e+01	
4.094165e+01	4.094165e+01	4.094165e+01	
4.024505e+01	4.024505e+01	4.024505e+01	
4.504056e+01	4.504056e+01	4.504056e+01	
3.989723e+01	3.989723e+01	3.989723e+01	
4.491155e+01	4.491155e+01	4.491155e+01	
4.041953e+01	4.041953e+01	4.041953e+01	
4.061658e+01	4.061658e+01	4.061658e+01	
4.159456e+01	4.159456e+01	4.159456e+01	
4.517516e+01	4.517516e+01	4.517516e+01	
4.860777e+01	4.860777e+01	4.860777e+01	
5.081828e+01	5.081828e+01	5.081828e+01	
5.363884e+01	5.363884e+01	5.363884e+01	
5.229499e+01	5.229499e+01	5.229499e+01	
4.705465e+01	4.705465e+01	4.705465e+01	
4.573644e+01	4.573644e+01	4.573644e+01	
4.501677e+01	4.501677e+01	4.501677e+01	
4.425770e+01	4.425770e+01	4.425770e+01	
4.382106e+01	4.382106e+01	4.382106e+01	
4.384232e+01	4.384232e+01	4.384232e+01	
4.396368e+01	4.396368e+01	4.396368e+01	
4.398458e+01	4.398458e+01	4.398458e+01	
4.470908e+01	4.470908e+01	4.470908e+01	
4.670711e+01	4.670711e+01	4.670711e+01	
4.815951e+01	4.815951e+01	4.815951e+01	
5.204656e+01	5.204656e+01	5.204656e+01	
5.430189e+01	5.430189e+01	5.430189e+01	
5.501074e+01	5.501074e+01	5.501074e+01	
5.437144e+01	5.437144e+01	5.437144e+01	
5.184525e+01	5.184525e+01	5.184525e+01	
4.946378e+01	4.946378e+01	4.946378e+01	
4.920931e+01	4.920931e+01	4.920931e+01	
4.756401e+01	4.756401e+01	4.756401e+01	
4.794720e+01	4.794720e+01	4.794720e+01	
4.804959e+01	4.804959e+01	4.804959e+01	
4.856318e+01	4.856318e+01	4.856318e+01	
4.916822e+01	4.916822e+01	4.916822e+01	
4.911890e+01	4.911890e+01	4.911890e+01	
5.039013e+01	5.039013e+01	5.039013e+01	
5.066007e+01	5.066007e+01	5.066007e+01	
5.392165e+01	5.392165e+01	5.392165e+01	
5.521360e+01	5.521360e+01	5.521360e+01	
