442.849
443.676
406.676
397.932
387.038
390.039
382.42
379.051
383.317
437.739
384.634
392.902
407.047
432.751
443.708
448.668
415.64
382.676
375.963
364.026
375.597
360.898
351.637
357.437
370.912
373.873
369.547
387.601
417.402
443.49
405.944
380.411
363.376
337.29
333.395
325.33
322.572
323.333
320.849
334.42
328.707
338.736
389.586
384.765
411.808
398.632
367.599
364.401
320.307
312.234
303.898
303.638
303.283
306.194
305.789
308.535
342.181
334.766
370.862
393.008
392.02
399.298
326.646
309.128
303.811
299.53
294.707
295.403
307.731
298.879
301.28
310.313
330.472
363.117
391.056
382.591
353.468
336.263
312.629
298.517
294.98
289.561
292.083
376.43
293.88
317.35
305.68
323.001
354.751
382.439
384.41
358.5
322.653
308.212
296.045
295.734
290.517
290.223
292.129
293.499
296.299
304.374
322.363
361.661
384.989
412.921
349.776
321.626
307.013
299.379
307.953
288.541
299.584
289.945
291.662
302.785
355.75
323.352
362.738
380.86
383.111
351.658
326.422
303.461
308.804
290.75
289.736
294.383
292.103
292.751
308.588
303.422
325.589
408.314
383.394
387.178
355.827
323.751
306.929
300.341
333.517
290.725
290.253
324.28
291.75
297.929
306.731
327.251
357.907
385.502
389.915
360.218
329.468
311.63
306.086
296.194
295.219
296.474
295.919
299.331
303.276
311.195
333.009
360.215
392.164
393.276
372.977
334.303
323.921
309.24
305.149
306.987
301.328
303.769
306.574
310.922
319.704
335.92
367.339
425.338
413.408
380.924
367.086
334.715
326.69
342.261
324.376
330.359
320.7
327.145
346.432
335.394
364.69
381.116
405.292
437.861
410.087
379.626
374.474
357.261
355.423
363.297
354.966
351.762
355.546
357.778
370.83
392.294
413.082
432.432
444.514
432.58
407.997
393.022
390.232
418.458
382.006
379.141
387.84
386.655
386.563
408.16
412.073
433.318
447.635
