83.1109
83.3919
76.0925
73.9891
73.4596
73.3126
71.9797
71.755
71.8945
72.1613
72.2819
75.2925
84.3921
82.2643
83.7129
82.7222
76.8062
71.4249
69.3629
67.5748
69.2364
66.0336
65.5884
66.5735
66.4937
66.8857
68.751
72.1969
77.7584
81.6057
81.1685
76.7872
66.3276
63.2048
62.6837
61.7332
60.1064
60.7207
60.4147
62.0458
66.389
65.4068
66.5169
72.9768
76.1641
75.482
72.3743
64.8358
59.6091
59.5499
57.9373
57.1061
57.5344
57.4951
57.3742
60.302
60.1469
63.9663
70.2841
74.3443
72.5824
67.0261
61.4128
58.0688
56.5776
59.3843
55.5011
55.6355
55.6643
56.0073
57.0548
58.1732
63.1443
70.3605
72.9998
72.3381
67.062
60.7359
58.272
55.8418
55.5623
54.9373
57.5146
58.551
55.0922
57.1001
68.4931
63.0283
78.4103
76.2956
72.129
66.7983
60.6854
57.3744
56.1155
55.0233
54.2154
54.2344
54.7605
54.8811
55.2457
57.0486
59.9886
66.0188
71.4836
72.3127
66.9142
60.6159
65.5243
55.3775
54.7351
54.8225
54.16
53.9942
54.4897
55.8022
60.4349
60.5211
67.9046
71.2731
75.3825
67.8834
60.9257
57.5711
55.4482
55.379
54.8382
54.4051
55.8742
54.9538
55.3965
56.9593
60.488
66.0785
72.2511
74.2353
76.6617
60.8997
57.8059
56.4173
58.0296
69.3031
54.6944
56.3646
55.5197
56.2843
57.5195
62.2582
66.8829
72.1075
73.0591
68.4427
62.0901
59.5518
56.8036
56.1185
57.6066
55.98
56.5501
55.9498
56.9026
61.5354
63.2095
70.7541
117.694
75.2956
69.7179
62.9871
59.827
58.3742
60.2
57.9344
56.9612
60.5267
57.5071
59.4822
59.7756
63.0031
69.0424
74.1355
76.0458
71.1564
67.5196
62.6818
61.9476
60.7327
60.2074
60.0957
61.6911
60.4535
61.2454
62.8902
66.3357
108.121
76.6426
85.3003
78.1127
72.2525
70.2428
67.2319
69.4243
79.7401
67.024
131.383
66.4237
66.638
68.8202
71.7215
80.252
81.7025
83.1163
82.2068
78.7116
85.4152
73.087
72.4426
72.2184
71.8727
71.7915
72.028
72.4071
74.272
75.8139
80.9748
83.2694
