12.4625
12.0693
11.3845
12.9753
10.7598
10.8114
10.6703
10.7414
10.6912
10.6637
10.7551
11.0714
11.307
12.1444
12.3247
13.5142
13.7754
10.6322
10.3241
14.1491
9.83194
9.89789
9.79266
9.91271
9.89441
9.99943
10.2356
10.9153
11.5244
12.1826
12.0199
11.2017
9.87777
9.38816
9.16004
9.07291
11.3022
9.05234
9.04264
9.67783
9.90198
9.3874
9.81235
10.6717
11.3991
11.4457
13.3073
9.39405
8.90385
9.20075
8.56623
8.50946
8.43448
8.48556
8.54228
8.64809
9.17306
9.29646
10.2334
10.9667
10.8426
10.1903
9.13015
11.5095
8.46269
8.30922
8.25048
8.31132
8.24124
8.31346
8.38155
8.64634
9.10964
10.0197
10.764
11.1119
10.0106
9.07554
8.91458
8.32486
8.24306
8.14904
8.14709
8.13198
8.43774
8.3222
8.53496
9.36898
9.9682
10.6598
10.7149
9.96188
9.09807
8.56955
8.26804
8.18442
8.35179
8.0716
8.13564
8.15902
8.34346
8.77351
8.97125
10.1027
10.7217
10.8689
9.89469
9.00895
8.4512
8.29154
8.1954
8.65931
8.11144
8.08775
8.17731
8.25225
8.5384
9.0714
10.2316
11.137
14.6085
10.121
9.09972
8.5572
8.26927
8.17181
8.15062
8.17594
8.31898
8.18442
8.28795
8.6567
9.03336
9.91624
10.6869
10.6951
10.0142
9.04978
8.55415
8.33135
8.29437
8.13645
8.19884
8.22469
10.9602
8.34127
8.55915
9.0577
10.0563
10.7744
10.9096
9.99016
11.5302
8.77443
8.53786
8.31328
8.28073
8.22909
8.28503
8.56914
9.10845
10.305
9.16851
10.1611
10.8206
11.285
10.6371
9.45267
8.91314
8.66005
8.55849
8.4768
8.48222
8.65662
8.57037
8.64934
8.92386
9.45951
10.263
11.1068
11.3182
10.6845
11.2869
9.38821
9.4342
9.08087
8.94652
9.20883
8.99804
9.1309
9.129
9.51903
9.84277
10.6224
11.4369
12.1434
11.5504
10.8516
10.2543
10.0979
9.95326
10.3053
9.8216
10.226
10.0202
10.2322
11.0992
10.6406
11.475
12.1015
12.4574
12.3023
11.3947
11.0666
10.8632
10.6861
11.0325
10.6602
10.6806
12.6219
10.9912
11.1858
11.5183
12.0896
12.4441
