304.337
302.456
279.689
276.036
265.225
270.502
262.113
259.87
262.548
268.7
270.807
275.161
280.162
297.497
305.27
320.424
287.04
274.973
265.567
247.423
243.154
245.087
282.655
241.41
255.443
244.613
260.274
260.608
285.351
299.645
277.803
264.084
245.752
232.731
225.52
222.565
251.835
220.448
226.044
221.44
225.396
231.278
245.028
260.055
277.615
273.872
254.482
232.496
304.132
229.118
212.067
209.163
208.101
233.407
210.644
213.172
300.142
242.003
255.84
270.568
265.702
246.379
230.687
219.27
210.894
211.246
202.63
201.776
202.846
206.282
207.57
212.865
228.009
254.493
274.221
262.824
243.225
228.419
214.497
210.89
201.593
200.024
201.401
203.512
213.509
207.744
215.502
222.196
241.809
263.163
262.189
241.39
219.657
212.019
209.576
200.692
198.186
197.108
235.925
204.606
205.873
208.664
219.539
256.754
264.299
264.385
280.83
220.018
209.487
206.024
199.573
199.929
197.537
198.465
199.69
202.187
208.003
222.479
243.267
263.739
261.892
242.004
221.217
209.604
208.67
200.403
202.486
214.761
200.08
202.598
203.289
208.705
220.867
243.587
263.026
264.591
243.095
295.678
210.812
205.906
204.783
200.684
199.934
282.31
202.156
204.835
209.853
223.098
244.523
263.947
265.911
246.28
224.622
217.594
207.523
204.976
203.433
207.665
203.906
204.398
207.4
218.417
227.026
246.925
268.443
285.349
323.256
236.017
218.861
213.807
210.067
213.578
208.719
211.867
209.819
234.142
219.855
232.386
251.926
271.484
279.508
261.693
242.734
236.474
225.882
222.039
248.496
220.12
247.785
223.001
224.089
229.484
249.239
268.177
280.373
295.935
288.52
259.608
252.336
248.365
244.177
241.768
241.885
242.555
242.67
246.668
257.691
265.704
287.15
299.593
303.504
299.976
286.039
272.9
271.496
262.419
264.533
265.098
267.931
271.269
270.997
278.011
279.5
297.495
304.623
