479.215
444.199
421.635
407.786
407.286
400.185
398.143
395.974
395.109
397.684
400.337
412.781
418.176
489.225
468.649
458.579
422.207
402.265
387.308
368.426
370.881
364.603
370.366
412.292
364.196
375.285
381.621
399.219
431.825
447.601
421.678
396.681
379.038
347.644
337.45
335.229
332.63
332.75
331.941
333.278
347.06
349.106
367.18
393.911
419.559
414.518
389.106
383.356
329.421
350.595
316.432
318.681
316.238
317.611
316.947
329.68
332.002
349.521
380.907
407.63
406.142
367.553
338.877
321.257
313.831
308.856
308.812
309.072
305.059
308.608
312.207
406.355
344.531
371.67
399.126
398.185
366.266
336.984
348.933
310.886
305.931
300.364
304.952
301.433
310.676
309.649
316.105
340.34
365.679
397.96
399.462
373.141
355.305
312.975
305.855
303.625
305.681
301.819
302.618
317.764
306.788
316.531
331.771
372.29
403.698
393.908
376.362
331.128
339.845
304.681
303.102
299.629
298.676
300.829
303.705
306.092
314.555
337.681
362.605
393.276
399.144
387.656
330.976
315.433
305.454
307.526
305.18
296.258
301.112
301.384
304.073
337.899
337.361
365.743
401.139
399.711
369.202
335.652
384.314
313.929
304.429
302.103
302.804
305.639
334.058
312.947
316.504
374.597
369.555
400.443
399.696
376.991
339.61
325.222
314.747
314.186
304.663
305.384
307.085
314.95
313.046
328.039
343.104
379.78
411.717
409.522
379.832
350.29
335.874
322.063
316.124
316.154
319.578
316.745
330.595
351.067
351.241
352.23
383.81
408.815
421.412
402.554
368.584
347.702
338.489
337.805
332.106
332.757
331.699
346.725
342.276
352.999
371.753
431.996
418.095
446.897
427.257
391.472
390.73
369.661
372.71
365.321
370.24
369.883
365.502
369.949
380.961
399.597
436.689
448.249
461.64
447.317
420.096
415.862
414.053
400.116
398.348
406.734
397.357
398.293
399.484
408.529
445.694
451.598
458.41
