96.8237
94.4232
88.5662
86.0446
84.7323
84.247
83.8349
82.9225
83.8037
86.2071
87.9814
86.5427
90.8334
94.9633
101.245
94.7235
93.5334
121.675
80.7009
78.4321
78.0426
77.7807
78.0632
77.487
77.1147
78.3323
83.0094
83.4004
95.0035
94.1347
90.1805
87.1009
77.5867
112.212
72.1967
71.0133
70.5141
71.5062
70.139
71.2387
72.8873
73.4114
77.8836
83.3178
88.8085
86.733
82.6382
73.2688
70.6972
67.9605
67.8231
123.203
66.2825
66.8018
73.953
67.6165
70.2149
73.2014
87.048
85.9104
84.5916
80.6629
73.8312
68.2295
66.4165
67.0329
67.0967
64.7259
66.8367
65.0964
66.554
68.5801
72.8337
113.769
85.1928
240.143
77.6387
70.9535
66.8674
66.761
69.6995
63.8503
64.0808
63.7031
65.4323
66.9578
67.6994
72.1623
79.0173
84.6425
83.9216
77.676
73.8057
66.8406
65.3687
63.8128
63.3557
126.637
63.3112
66.1077
64.6908
66.2953
70.2265
77.1144
85.6882
83.3263
77.2157
70.4547
66.3244
65.9161
63.7371
63.5924
64.3997
63.2271
65.6269
65.8854
67.4434
69.7726
76.8426
83.1842
84.329
77.9089
71.0403
67.821
65.0231
65.9377
63.8561
63.5449
64.0144
63.9285
69.1564
66.9973
70.1168
77.0399
84.2901
85.2944
78.8309
73.4612
67.8137
65.319
107.964
64.2641
63.9868
64.6298
64.2726
66.734
66.8156
70.7096
77.613
83.7185
84.371
90.5934
71.6567
67.6006
66.1767
65.7698
64.5398
64.965
64.7287
65.3583
65.8939
67.8454
71.8324
81.1159
85.3439
87.7126
80.8087
73.5003
72.5775
68.3405
67.9699
66.6096
66.8389
67.763
67.3551
67.9726
72.4338
73.1756
80.9407
88.086
93.5938
102.685
77.6181
74.5357
72.0607
71.0521
70.6399
70.8025
70.1473
70.944
94.1318
73.8168
77.513
83.4186
90.9202
94.3604
89.8543
84.0459
79.8808
78.8566
78.4025
77.1126
76.7744
76.8851
77.8339
79.5453
81.3045
83.0467
90.9488
95.8818
97.3051
94.5713
89.0747
86.3391
84.3868
85.1914
84.622
84.1099
85.2896
83.7468
85.8315
86.576
88.9429
95.6492
97.3658
