23.4107
22.7031
21.2054
21.0717
20.4091
20.105
19.9427
19.8693
20.0312
20.0904
20.2316
20.9218
22.4727
22.6233
23.1555
22.6408
21.7285
20.0487
19.0981
18.9229
18.4367
18.4853
18.4998
18.5962
18.5135
18.6015
19.1851
23.3515
21.8653
22.5797
21.901
24.2216
18.9934
17.6615
17.7229
16.9396
16.8664
17.0271
16.9697
16.9106
17.0989
17.7741
18.6705
20.2306
21.3711
20.6764
19.2643
18.2485
16.7396
16.3272
15.9798
16.191
15.7508
15.8967
15.9623
16.3431
18.1207
17.5159
19.0042
20.5322
20.3297
29.7167
17.2883
16.2663
15.7091
15.9211
15.5708
15.434
15.5139
15.625
15.8318
16.1725
17.1224
18.6734
20.45
21.0875
18.6805
17.0638
16.0236
15.9656
15.4126
17.4715
15.3705
15.2839
15.2984
15.6944
16.0919
16.9393
18.9562
20.0491
19.9941
18.3713
17.5315
16.0048
15.6348
15.198
19.734
15.1218
15.3212
15.2525
15.4034
15.9306
17.1485
18.3832
19.9831
19.9105
18.3031
17.4536
15.9928
17.4157
15.1921
15.0883
15.1641
15.0339
15.2517
15.5021
15.9453
16.8629
18.2859
19.9078
20.0696
18.4959
16.775
16.5122
15.4611
15.153
15.3508
15.1126
15.2179
15.2871
15.5257
16.1682
16.8302
18.733
20.1543
20.0496
18.4644
16.87
16.024
16.3381
15.3543
15.2443
15.2615
15.3516
15.3079
15.5464
16.0485
16.9612
18.3524
20.0681
20.0898
18.7272
17.1473
16.6479
15.6355
15.6604
15.4801
15.4774
15.4961
15.4906
15.7658
16.1723
33.5495
18.6745
20.9282
20.5792
19.2276
17.5675
16.7844
16.2139
16.1232
16.0713
15.8425
15.9176
16.1259
16.1364
17.4651
18.1179
19.9758
20.5403
21.3142
19.9563
18.4301
17.4912
17.858
16.9783
16.7445
16.992
16.7704
16.9395
17.3846
17.6517
18.847
20.0241
21.2412
22.8912
21.683
20.2167
19.3708
18.7564
18.4667
18.6297
22.513
18.444
20.2702
18.8665
40.284
19.8356
21.5732
22.4966
26.3904
22.5822
21.6145
21.0147
20.2314
20.1397
19.9655
19.8631
20.368
20.0674
20.4436
20.7783
22.6393
23.5019
23.9477
