-3.341569 -3.341569 0.005000 426.104100
-2.864202 -3.341569 0.005000 330.293650
-2.386835 -3.341569 0.005000 293.616025
-1.909468 -3.341569 0.005000 277.406700
-1.432101 -3.341569 0.005000 270.042050
-0.954734 -3.341569 0.005000 264.880700
-0.477367 -3.341569 0.005000 273.685675
0.000000 -3.341569 0.005000 265.624650
0.477367 -3.341569 0.005000 269.847625
0.954734 -3.341569 0.005000 268.230225
1.432101 -3.341569 0.005000 274.368750
1.909468 -3.341569 0.005000 275.756850
2.386835 -3.341569 0.005000 287.633725
2.864202 -3.341569 0.005000 324.741225
3.341569 -3.341569 0.005000 419.026025
3.341569 -2.864202 0.005000 326.814025
2.864202 -2.864202 0.005000 187.216675
2.386835 -2.864202 0.005000 132.513600
1.909468 -2.864202 0.005000 127.023900
1.432101 -2.864202 0.005000 111.109900
0.954734 -2.864202 0.005000 108.721750
0.477367 -2.864202 0.005000 111.097525
0.000000 -2.864202 0.005000 111.790525
-0.477367 -2.864202 0.005000 114.209475
-0.954734 -2.864202 0.005000 111.056900
-1.432101 -2.864202 0.005000 112.623525
-1.909468 -2.864202 0.005000 118.188850
-2.386835 -2.864202 0.005000 141.507525
-2.864202 -2.864202 0.005000 180.960825
-3.341569 -2.864202 0.005000 329.793425
-3.341569 -2.386835 0.005000 290.905150
-2.864202 -2.386835 0.005000 143.279900
-2.386835 -2.386835 0.005000 74.750743
-1.909468 -2.386835 0.005000 63.795767
-1.432101 -2.386835 0.005000 51.141455
-0.954734 -2.386835 0.005000 54.220505
-0.477367 -2.386835 0.005000 54.477928
0.000000 -2.386835 0.005000 49.166780
0.477367 -2.386835 0.005000 52.738725
0.954734 -2.386835 0.005000 59.120520
1.432101 -2.386835 0.005000 53.189205
1.909468 -2.386835 0.005000 58.881260
2.386835 -2.386835 0.005000 80.442053
2.864202 -2.386835 0.005000 128.671900
3.341569 -2.386835 0.005000 296.593650
3.341569 -1.909468 0.005000 277.045275
2.864202 -1.909468 0.005000 120.257500
2.386835 -1.909468 0.005000 60.167230
1.909468 -1.909468 0.005000 41.711280
1.432101 -1.909468 0.005000 40.971828
0.954734 -1.909468 0.005000 34.035738
0.477367 -1.909468 0.005000 40.940787
0.000000 -1.909468 0.005000 30.152045
-0.477367 -1.909468 0.005000 33.465328
-0.954734 -1.909468 0.005000 35.649572
-1.432101 -1.909468 0.005000 35.798658
-1.909468 -1.909468 0.005000 43.268632
-2.386835 -1.909468 0.005000 67.085088
-2.864202 -1.909468 0.005000 122.026100
-3.341569 -1.909468 0.005000 275.214850
-3.341569 -1.432101 0.005000 273.214950
-2.864202 -1.432101 0.005000 115.788425
-2.386835 -1.432101 0.005000 57.198165
-1.909468 -1.432101 0.005000 36.009625
-1.432101 -1.432101 0.005000 26.153585
-0.954734 -1.432101 0.005000 25.142488
-0.477367 -1.432101 0.005000 21.639055
0.000000 -1.432101 0.005000 25.155847
0.477367 -1.432101 0.005000 26.727758
0.954734 -1.432101 0.005000 23.697418
1.432101 -1.432101 0.005000 31.153215
1.909468 -1.432101 0.005000 38.207585
2.386835 -1.432101 0.005000 55.700545
2.864202 -1.432101 0.005000 119.027700
3.341569 -1.432101 0.005000 264.877225
3.341569 -0.954734 0.005000 269.118700
2.864202 -0.954734 0.005000 114.562400
2.386835 -0.954734 0.005000 53.694730
1.909468 -0.954734 0.005000 40.030453
1.432101 -0.954734 0.005000 26.857473
0.954734 -0.954734 0.005000 25.067440
0.477367 -0.954734 0.005000 21.478175
0.000000 -0.954734 0.005000 20.692937
-0.477367 -0.954734 0.005000 22.365562
-0.954734 -0.954734 0.005000 22.458872
-1.432101 -0.954734 0.005000 27.295573
-1.909468 -0.954734 0.005000 33.959838
-2.386835 -0.954734 0.005000 51.342843
-2.864202 -0.954734 0.005000 109.391575
-3.341569 -0.954734 0.005000 270.828075
-3.341569 -0.477367 0.005000 278.199150
-2.864202 -0.477367 0.005000 107.394250
-2.386835 -0.477367 0.005000 54.387150
-1.909468 -0.477367 0.005000 33.667865
-1.432101 -0.477367 0.005000 25.438147
-0.954734 -0.477367 0.005000 25.288882
-0.477367 -0.477367 0.005000 20.401140
0.000000 -0.477367 0.005000 20.998818
0.477367 -0.477367 0.005000 21.165505
0.954734 -0.477367 0.005000 21.591730
1.432101 -0.477367 0.005000 29.965260
1.909468 -0.477367 0.005000 31.665162
2.386835 -0.477367 0.005000 55.164035
2.864202 -0.477367 0.005000 107.340325
3.341569 -0.477367 0.005000 267.169075
3.341569 0.000000 0.005000 264.417075
2.864202 0.000000 0.005000 110.706950
2.386835 0.000000 0.005000 55.785575
1.909468 0.000000 0.005000 32.238385
1.432101 0.000000 0.005000 22.344333
0.954734 0.000000 0.005000 22.421750
0.477367 0.000000 0.005000 18.212253
0.000000 0.000000 0.005000 18.796475
-0.477367 0.000000 0.005000 19.674377
-0.954734 0.000000 0.005000 21.130765
-1.432101 0.000000 0.005000 29.076663
-1.909468 0.000000 0.005000 35.465555
-2.386835 0.000000 0.005000 53.030642
-2.864202 0.000000 0.005000 110.168950
-3.341569 0.000000 0.005000 267.303775
-3.341569 0.477367 0.005000 268.317725
-2.864202 0.477367 0.005000 106.602425
-2.386835 0.477367 0.005000 53.032420
-1.909468 0.477367 0.005000 30.471550
-1.432101 0.477367 0.005000 23.019950
-0.954734 0.477367 0.005000 22.305483
-0.477367 0.477367 0.005000 22.828033
0.000000 0.477367 0.005000 19.125937
0.477367 0.477367 0.005000 20.402770
0.954734 0.477367 0.005000 20.849403
1.432101 0.477367 0.005000 27.985265
1.909468 0.477367 0.005000 33.920198
2.386835 0.477367 0.005000 53.053738
2.864202 0.477367 0.005000 108.929200
3.341569 0.477367 0.005000 267.718650
3.341569 0.954734 0.005000 265.848250
2.864202 0.954734 0.005000 112.688525
2.386835 0.954734 0.005000 51.247545
1.909468 0.954734 0.005000 32.154255
1.432101 0.954734 0.005000 24.762973
0.954734 0.954734 0.005000 23.915370
0.477367 0.954734 0.005000 23.169253
0.000000 0.954734 0.005000 21.022290
-0.477367 0.954734 0.005000 23.282330
-0.954734 0.954734 0.005000 24.551838
-1.432101 0.954734 0.005000 27.204242
-1.909468 0.954734 0.005000 32.671712
-2.386835 0.954734 0.005000 53.785648
-2.864202 0.954734 0.005000 112.947450
-3.341569 0.954734 0.005000 266.553775
-3.341569 1.432101 0.005000 274.476650
-2.864202 1.432101 0.005000 110.220775
-2.386835 1.432101 0.005000 56.132243
-1.909468 1.432101 0.005000 38.526927
-1.432101 1.432101 0.005000 28.452322
-0.954734 1.432101 0.005000 28.335497
-0.477367 1.432101 0.005000 23.354250
0.000000 1.432101 0.005000 25.871035
0.477367 1.432101 0.005000 26.916875
0.954734 1.432101 0.005000 25.241470
1.432101 1.432101 0.005000 28.711662
1.909468 1.432101 0.005000 34.343890
2.386835 1.432101 0.005000 61.188920
2.864202 1.432101 0.005000 119.038150
3.341569 1.432101 0.005000 266.115350
3.341569 1.909468 0.005000 276.333250
2.864202 1.909468 0.005000 116.504300
2.386835 1.909468 0.005000 67.234498
1.909468 1.909468 0.005000 43.579480
1.432101 1.909468 0.005000 36.674025
0.954734 1.909468 0.005000 34.190155
0.477367 1.909468 0.005000 31.045995
0.000000 1.909468 0.005000 31.558173
-0.477367 1.909468 0.005000 30.478957
-0.954734 1.909468 0.005000 31.582677
-1.432101 1.909468 0.005000 37.801262
-1.909468 1.909468 0.005000 41.445418
-2.386835 1.909468 0.005000 61.881058
-2.864202 1.909468 0.005000 117.270700
-3.341569 1.909468 0.005000 269.562450
-3.341569 2.386835 0.005000 290.664725
-2.864202 2.386835 0.005000 135.893625
-2.386835 2.386835 0.005000 82.829355
-1.909468 2.386835 0.005000 64.918728
-1.432101 2.386835 0.005000 61.670923
-0.954734 2.386835 0.005000 57.488455
-0.477367 2.386835 0.005000 58.794697
0.000000 2.386835 0.005000 50.625063
0.477367 2.386835 0.005000 50.130347
0.954734 2.386835 0.005000 53.278875
1.432101 2.386835 0.005000 58.530527
1.909468 2.386835 0.005000 63.703963
2.386835 2.386835 0.005000 76.889815
2.864202 2.386835 0.005000 134.372950
3.341569 2.386835 0.005000 285.685825
3.341569 2.864202 0.005000 322.459375
2.864202 2.864202 0.005000 183.552700
2.386835 2.864202 0.005000 133.464075
1.909468 2.864202 0.005000 112.836500
1.432101 2.864202 0.005000 110.282175
0.954734 2.864202 0.005000 117.132775
0.477367 2.864202 0.005000 109.608600
0.000000 2.864202 0.005000 102.921450
-0.477367 2.864202 0.005000 111.103975
-0.954734 2.864202 0.005000 114.551800
-1.432101 2.864202 0.005000 114.549450
-1.909468 2.864202 0.005000 119.101925
-2.386835 2.864202 0.005000 133.218725
-2.864202 2.864202 0.005000 183.486500
-3.341569 2.864202 0.005000 322.181400
-3.341569 3.341569 0.005000 414.087725
-2.864202 3.341569 0.005000 328.772000
-2.386835 3.341569 0.005000 300.209400
-1.909468 3.341569 0.005000 272.806425
-1.432101 3.341569 0.005000 275.820300
-0.954734 3.341569 0.005000 265.330450
-0.477367 3.341569 0.005000 268.996375
0.000000 3.341569 0.005000 260.149425
0.477367 3.341569 0.005000 269.374950
0.954734 3.341569 0.005000 266.274025
1.432101 3.341569 0.005000 267.763075
1.909468 3.341569 0.005000 271.700850
2.386835 3.341569 0.005000 295.545375
2.864202 3.341569 0.005000 322.516500
3.341569 3.341569 0.005000 416.733150
