-3.652600 -1.823800 0.005000 0.565765
-3.130800 -1.823800 0.005000 0.610637
-2.609000 -1.823800 0.005000 0.683212
-2.087200 -1.823800 0.005000 0.726703
-1.565400 -1.823800 0.005000 0.757696
-1.043600 -1.823800 0.005000 0.749286
-0.521800 -1.823800 0.005000 0.753544
0.000000 -1.823800 0.005000 0.752800
0.521800 -1.823800 0.005000 0.761069
1.043600 -1.823800 0.005000 0.764438
1.565400 -1.823800 0.005000 0.745959
2.087200 -1.823800 0.005000 0.733272
2.609000 -1.823800 0.005000 0.703553
3.130800 -1.823800 0.005000 0.614816
3.652600 -1.823800 0.005000 0.538652
3.652600 -1.563257 0.005000 0.581742
3.130800 -1.563257 0.005000 0.603196
2.609000 -1.563257 0.005000 0.665780
2.087200 -1.563257 0.005000 0.691543
1.565400 -1.563257 0.005000 0.702027
1.043600 -1.563257 0.005000 0.707956
0.521800 -1.563257 0.005000 0.711791
0.000000 -1.563257 0.005000 0.711433
-0.521800 -1.563257 0.005000 0.705564
-1.043600 -1.563257 0.005000 0.706483
-1.565400 -1.563257 0.005000 0.703289
-2.087200 -1.563257 0.005000 0.686560
-2.609000 -1.563257 0.005000 0.660273
-3.130800 -1.563257 0.005000 0.601501
-3.652600 -1.563257 0.005000 0.577427
-3.652600 -1.302714 0.005000 0.846536
-3.130800 -1.302714 0.005000 0.893870
-2.609000 -1.302714 0.005000 0.995857
-2.087200 -1.302714 0.005000 1.020066
-1.565400 -1.302714 0.005000 1.036264
-1.043600 -1.302714 0.005000 1.050928
-0.521800 -1.302714 0.005000 1.043587
0.000000 -1.302714 0.005000 1.052809
0.521800 -1.302714 0.005000 1.042450
1.043600 -1.302714 0.005000 1.047837
1.565400 -1.302714 0.005000 1.045113
2.087200 -1.302714 0.005000 1.027805
2.609000 -1.302714 0.005000 0.998045
3.130800 -1.302714 0.005000 0.887379
3.652600 -1.302714 0.005000 0.835871
3.652600 -1.042171 0.005000 1.471853
3.130800 -1.042171 0.005000 1.810645
2.609000 -1.042171 0.005000 1.939747
2.087200 -1.042171 0.005000 1.990347
1.565400 -1.042171 0.005000 1.989353
1.043600 -1.042171 0.005000 2.004703
0.521800 -1.042171 0.005000 2.013454
0.000000 -1.042171 0.005000 2.009733
-0.521800 -1.042171 0.005000 2.014296
-1.043600 -1.042171 0.005000 1.998897
-1.565400 -1.042171 0.005000 1.992196
-2.087200 -1.042171 0.005000 1.977969
-2.609000 -1.042171 0.005000 1.933524
-3.130800 -1.042171 0.005000 1.823855
-3.652600 -1.042171 0.005000 1.484441
-3.652600 -0.781629 0.005000 2.905605
-3.130800 -0.781629 0.005000 3.985319
-2.609000 -0.781629 0.005000 4.200856
-2.087200 -0.781629 0.005000 4.286560
-1.565400 -0.781629 0.005000 4.341055
-1.043600 -0.781629 0.005000 4.408998
-0.521800 -0.781629 0.005000 4.405480
0.000000 -0.781629 0.005000 4.441988
0.521800 -0.781629 0.005000 4.418951
1.043600 -0.781629 0.005000 4.421684
1.565400 -0.781629 0.005000 4.367085
2.087200 -0.781629 0.005000 4.286865
2.609000 -0.781629 0.005000 4.224526
3.130800 -0.781629 0.005000 3.990196
3.652600 -0.781629 0.005000 2.916556
3.652600 -0.521086 0.005000 4.542136
3.130800 -0.521086 0.005000 6.786443
2.609000 -0.521086 0.005000 7.075694
2.087200 -0.521086 0.005000 7.229521
1.565400 -0.521086 0.005000 7.367232
1.043600 -0.521086 0.005000 7.516327
0.521800 -0.521086 0.005000 7.627893
0.000000 -0.521086 0.005000 7.640805
-0.521800 -0.521086 0.005000 7.626290
-1.043600 -0.521086 0.005000 7.506707
-1.565400 -0.521086 0.005000 7.354529
-2.087200 -0.521086 0.005000 7.204451
-2.609000 -0.521086 0.005000 7.022933
-3.130800 -0.521086 0.005000 6.796990
-3.652600 -0.521086 0.005000 4.548978
-3.652600 -0.260543 0.005000 3.947178
-3.130800 -0.260543 0.005000 5.599225
-2.609000 -0.260543 0.005000 5.832145
-2.087200 -0.260543 0.005000 5.934843
-1.565400 -0.260543 0.005000 6.026743
-1.043600 -0.260543 0.005000 6.076134
-0.521800 -0.260543 0.005000 6.123911
0.000000 -0.260543 0.005000 6.148044
0.521800 -0.260543 0.005000 6.151499
1.043600 -0.260543 0.005000 6.106494
1.565400 -0.260543 0.005000 6.030553
2.087200 -0.260543 0.005000 5.946386
2.609000 -0.260543 0.005000 5.826112
3.130800 -0.260543 0.005000 5.567361
3.652600 -0.260543 0.005000 3.964015
3.652600 0.000000 0.005000 3.135063
3.130800 0.000000 0.005000 4.101155
2.609000 0.000000 0.005000 4.333666
2.087200 0.000000 0.005000 4.392809
1.565400 0.000000 0.005000 4.418672
1.043600 0.000000 0.005000 4.460246
0.521800 0.000000 0.005000 4.486293
0.000000 0.000000 0.005000 4.484844
-0.521800 0.000000 0.005000 4.469004
-1.043600 0.000000 0.005000 4.454798
-1.565400 0.000000 0.005000 4.428817
-2.087200 0.000000 0.005000 4.397083
-2.609000 0.000000 0.005000 4.343742
-3.130800 0.000000 0.005000 4.109990
-3.652600 0.000000 0.005000 3.145119
-3.652600 0.260543 0.005000 3.921154
-3.130800 0.260543 0.005000 5.537999
-2.609000 0.260543 0.005000 5.795006
-2.087200 0.260543 0.005000 5.931661
-1.565400 0.260543 0.005000 5.985674
-1.043600 0.260543 0.005000 6.019238
-0.521800 0.260543 0.005000 6.093438
0.000000 0.260543 0.005000 6.119661
0.521800 0.260543 0.005000 6.109128
1.043600 0.260543 0.005000 6.011938
1.565400 0.260543 0.005000 5.953267
2.087200 0.260543 0.005000 5.899948
2.609000 0.260543 0.005000 5.761185
3.130800 0.260543 0.005000 5.544305
3.652600 0.260543 0.005000 3.929101
3.652600 0.521086 0.005000 4.538331
3.130800 0.521086 0.005000 6.795322
2.609000 0.521086 0.005000 7.099220
2.087200 0.521086 0.005000 7.236006
1.565400 0.521086 0.005000 7.356131
1.043600 0.521086 0.005000 7.534509
0.521800 0.521086 0.005000 7.608343
0.000000 0.521086 0.005000 7.640392
-0.521800 0.521086 0.005000 7.603568
-1.043600 0.521086 0.005000 7.511975
-1.565400 0.521086 0.005000 7.363258
-2.087200 0.521086 0.005000 7.198485
-2.609000 0.521086 0.005000 7.071924
-3.130800 0.521086 0.005000 6.785906
-3.652600 0.521086 0.005000 4.548141
-3.652600 0.781629 0.005000 2.936228
-3.130800 0.781629 0.005000 4.093487
-2.609000 0.781629 0.005000 4.271471
-2.087200 0.781629 0.005000 4.333362
-1.565400 0.781629 0.005000 4.411277
-1.043600 0.781629 0.005000 4.451839
-0.521800 0.781629 0.005000 4.468492
0.000000 0.781629 0.005000 4.464455
0.521800 0.781629 0.005000 4.468905
1.043600 0.781629 0.005000 4.417642
1.565400 0.781629 0.005000 4.400994
2.087200 0.781629 0.005000 4.355197
2.609000 0.781629 0.005000 4.280311
3.130800 0.781629 0.005000 4.114866
3.652600 0.781629 0.005000 2.957170
3.652600 1.042171 0.005000 1.510108
3.130800 1.042171 0.005000 1.838724
2.609000 1.042171 0.005000 1.978419
2.087200 1.042171 0.005000 2.002494
1.565400 1.042171 0.005000 2.035127
1.043600 1.042171 0.005000 2.055149
0.521800 1.042171 0.005000 2.042501
0.000000 1.042171 0.005000 2.057617
-0.521800 1.042171 0.005000 2.051689
-1.043600 1.042171 0.005000 2.045826
-1.565400 1.042171 0.005000 2.033868
-2.087200 1.042171 0.005000 2.006088
-2.609000 1.042171 0.005000 1.978991
-3.130800 1.042171 0.005000 1.840363
-3.652600 1.042171 0.005000 1.505486
-3.652600 1.302714 0.005000 0.864807
-3.130800 1.302714 0.005000 0.956824
-2.609000 1.302714 0.005000 1.021696
-2.087200 1.302714 0.005000 1.050382
-1.565400 1.302714 0.005000 1.072241
-1.043600 1.302714 0.005000 1.063223
-0.521800 1.302714 0.005000 1.084963
0.000000 1.302714 0.005000 1.067419
0.521800 1.302714 0.005000 1.088815
1.043600 1.302714 0.005000 1.064866
1.565400 1.302714 0.005000 1.054038
2.087200 1.302714 0.005000 1.058912
2.609000 1.302714 0.005000 1.032556
3.130800 1.302714 0.005000 0.951861
3.652600 1.302714 0.005000 0.864599
3.652600 1.563257 0.005000 0.584230
3.130800 1.563257 0.005000 0.625072
2.609000 1.563257 0.005000 0.655385
2.087200 1.563257 0.005000 0.664980
1.565400 1.563257 0.005000 0.724500
1.043600 1.563257 0.005000 0.732130
0.521800 1.563257 0.005000 0.686052
0.000000 1.563257 0.005000 0.734330
-0.521800 1.563257 0.005000 0.685055
-1.043600 1.563257 0.005000 0.734376
-1.565400 1.563257 0.005000 0.674565
-2.087200 1.563257 0.005000 0.658898
-2.609000 1.563257 0.005000 0.644052
-3.130800 1.563257 0.005000 0.622372
-3.652600 1.563257 0.005000 0.591564
-3.652600 1.823800 0.005000 0.574400
-3.130800 1.823800 0.005000 0.638006
-2.609000 1.823800 0.005000 0.719622
-2.087200 1.823800 0.005000 0.756246
-1.565400 1.823800 0.005000 0.777910
-1.043600 1.823800 0.005000 0.780304
-0.521800 1.823800 0.005000 0.787177
0.000000 1.823800 0.005000 0.796924
0.521800 1.823800 0.005000 0.783941
1.043600 1.823800 0.005000 0.779784
1.565400 1.823800 0.005000 0.788919
2.087200 1.823800 0.005000 0.750746
2.609000 1.823800 0.005000 0.718307
3.130800 1.823800 0.005000 0.638374
3.652600 1.823800 0.005000 0.553776
