-3.341569 -3.341569 0.005000 417.671775
-2.864202 -3.341569 0.005000 326.145975
-2.386835 -3.341569 0.005000 290.716850
-1.909468 -3.341569 0.005000 274.363900
-1.432101 -3.341569 0.005000 269.176900
-0.954734 -3.341569 0.005000 267.358175
-0.477367 -3.341569 0.005000 272.576450
0.000000 -3.341569 0.005000 259.077025
0.477367 -3.341569 0.005000 266.262975
0.954734 -3.341569 0.005000 270.543900
1.432101 -3.341569 0.005000 270.538575
1.909468 -3.341569 0.005000 275.302800
2.386835 -3.341569 0.005000 293.449900
2.864202 -3.341569 0.005000 326.592425
3.341569 -3.341569 0.005000 424.289025
3.341569 -2.864202 0.005000 327.342250
2.864202 -2.864202 0.005000 187.488150
2.386835 -2.864202 0.005000 145.598100
1.909468 -2.864202 0.005000 119.401250
1.432101 -2.864202 0.005000 113.537150
0.954734 -2.864202 0.005000 113.362000
0.477367 -2.864202 0.005000 106.691675
0.000000 -2.864202 0.005000 106.597775
-0.477367 -2.864202 0.005000 104.497975
-0.954734 -2.864202 0.005000 108.348075
-1.432101 -2.864202 0.005000 122.606425
-1.909468 -2.864202 0.005000 116.420225
-2.386835 -2.864202 0.005000 135.871975
-2.864202 -2.864202 0.005000 179.692875
-3.341569 -2.864202 0.005000 328.354425
-3.341569 -2.386835 0.005000 286.688075
-2.864202 -2.386835 0.005000 136.660850
-2.386835 -2.386835 0.005000 77.064495
-1.909468 -2.386835 0.005000 62.546930
-1.432101 -2.386835 0.005000 58.616850
-0.954734 -2.386835 0.005000 56.927688
-0.477367 -2.386835 0.005000 51.399870
0.000000 -2.386835 0.005000 51.718360
0.477367 -2.386835 0.005000 51.893780
0.954734 -2.386835 0.005000 56.459475
1.432101 -2.386835 0.005000 59.429202
1.909468 -2.386835 0.005000 65.092860
2.386835 -2.386835 0.005000 85.254922
2.864202 -2.386835 0.005000 131.280250
3.341569 -2.386835 0.005000 292.675425
3.341569 -1.909468 0.005000 272.791725
2.864202 -1.909468 0.005000 118.791150
2.386835 -1.909468 0.005000 58.218232
1.909468 -1.909468 0.005000 48.139852
1.432101 -1.909468 0.005000 43.359978
0.954734 -1.909468 0.005000 35.265187
0.477367 -1.909468 0.005000 34.519505
0.000000 -1.909468 0.005000 33.434165
-0.477367 -1.909468 0.005000 39.193535
-0.954734 -1.909468 0.005000 34.825598
-1.432101 -1.909468 0.005000 41.574548
-1.909468 -1.909468 0.005000 42.402812
-2.386835 -1.909468 0.005000 65.923798
-2.864202 -1.909468 0.005000 111.476075
-3.341569 -1.909468 0.005000 272.943525
-3.341569 -1.432101 0.005000 265.486700
-2.864202 -1.432101 0.005000 109.745525
-2.386835 -1.432101 0.005000 60.867135
-1.909468 -1.432101 0.005000 36.147815
-1.432101 -1.432101 0.005000 34.123632
-0.954734 -1.432101 0.005000 26.351923
-0.477367 -1.432101 0.005000 27.040358
0.000000 -1.432101 0.005000 25.184793
0.477367 -1.432101 0.005000 24.269370
0.954734 -1.432101 0.005000 28.095580
1.432101 -1.432101 0.005000 33.862795
1.909468 -1.432101 0.005000 41.317285
2.386835 -1.432101 0.005000 56.466608
2.864202 -1.432101 0.005000 113.744800
3.341569 -1.432101 0.005000 265.954200
3.341569 -0.954734 0.005000 269.838025
2.864202 -0.954734 0.005000 106.195700
2.386835 -0.954734 0.005000 53.902975
1.909468 -0.954734 0.005000 37.591175
1.432101 -0.954734 0.005000 28.553038
0.954734 -0.954734 0.005000 21.001515
0.477367 -0.954734 0.005000 21.251540
0.000000 -0.954734 0.005000 24.364648
-0.477367 -0.954734 0.005000 24.227575
-0.954734 -0.954734 0.005000 23.343065
-1.432101 -0.954734 0.005000 28.663675
-1.909468 -0.954734 0.005000 38.623462
-2.386835 -0.954734 0.005000 52.108362
-2.864202 -0.954734 0.005000 101.675700
-3.341569 -0.954734 0.005000 276.904775
-3.341569 -0.477367 0.005000 266.410400
-2.864202 -0.477367 0.005000 107.761000
-2.386835 -0.477367 0.005000 52.587362
-1.909468 -0.477367 0.005000 37.246185
-1.432101 -0.477367 0.005000 27.275585
-0.954734 -0.477367 0.005000 21.450563
-0.477367 -0.477367 0.005000 23.055360
0.000000 -0.477367 0.005000 20.175910
0.477367 -0.477367 0.005000 19.928020
0.954734 -0.477367 0.005000 22.973423
1.432101 -0.477367 0.005000 26.910745
1.909468 -0.477367 0.005000 33.435325
2.386835 -0.477367 0.005000 54.092240
2.864202 -0.477367 0.005000 112.935725
3.341569 -0.477367 0.005000 269.023300
3.341569 0.000000 0.005000 260.296650
2.864202 0.000000 0.005000 106.386250
2.386835 0.000000 0.005000 53.606918
1.909468 0.000000 0.005000 35.041700
1.432101 0.000000 0.005000 31.079992
0.954734 0.000000 0.005000 22.171277
0.477367 0.000000 0.005000 19.538427
0.000000 0.000000 0.005000 21.117957
-0.477367 0.000000 0.005000 20.408348
-0.954734 0.000000 0.005000 22.586720
-1.432101 0.000000 0.005000 23.963567
-1.909468 0.000000 0.005000 36.667135
-2.386835 0.000000 0.005000 47.802498
-2.864202 0.000000 0.005000 114.000675
-3.341569 0.000000 0.005000 261.900425
-3.341569 0.477367 0.005000 261.915275
-2.864202 0.477367 0.005000 110.734225
-2.386835 0.477367 0.005000 51.036277
-1.909468 0.477367 0.005000 35.917918
-1.432101 0.477367 0.005000 24.055365
-0.954734 0.477367 0.005000 23.632303
-0.477367 0.477367 0.005000 20.043650
0.000000 0.477367 0.005000 20.669642
0.477367 0.477367 0.005000 20.763903
0.954734 0.477367 0.005000 20.875390
1.432101 0.477367 0.005000 25.059658
1.909468 0.477367 0.005000 35.526720
2.386835 0.477367 0.005000 55.659965
2.864202 0.477367 0.005000 108.374100
3.341569 0.477367 0.005000 266.402100
3.341569 0.954734 0.005000 267.938800
2.864202 0.954734 0.005000 111.418175
2.386835 0.954734 0.005000 57.079113
1.909468 0.954734 0.005000 40.095535
1.432101 0.954734 0.005000 23.875523
0.954734 0.954734 0.005000 25.090593
0.477367 0.954734 0.005000 20.933608
0.000000 0.954734 0.005000 26.281605
-0.477367 0.954734 0.005000 22.086138
-0.954734 0.954734 0.005000 23.578138
-1.432101 0.954734 0.005000 30.241808
-1.909468 0.954734 0.005000 37.739415
-2.386835 0.954734 0.005000 52.534492
-2.864202 0.954734 0.005000 114.234400
-3.341569 0.954734 0.005000 266.378075
-3.341569 1.432101 0.005000 271.959250
-2.864202 1.432101 0.005000 107.830325
-2.386835 1.432101 0.005000 52.344000
-1.909468 1.432101 0.005000 38.856073
-1.432101 1.432101 0.005000 30.171420
-0.954734 1.432101 0.005000 30.507130
-0.477367 1.432101 0.005000 31.169367
0.000000 1.432101 0.005000 26.992532
0.477367 1.432101 0.005000 26.657800
0.954734 1.432101 0.005000 25.565517
1.432101 1.432101 0.005000 31.882698
1.909468 1.432101 0.005000 36.663895
2.386835 1.432101 0.005000 57.020993
2.864202 1.432101 0.005000 108.173625
3.341569 1.432101 0.005000 269.392675
3.341569 1.909468 0.005000 281.391100
2.864202 1.909468 0.005000 121.060325
2.386835 1.909468 0.005000 61.455070
1.909468 1.909468 0.005000 50.047848
1.432101 1.909468 0.005000 40.155860
0.954734 1.909468 0.005000 33.900645
0.477367 1.909468 0.005000 33.018658
0.000000 1.909468 0.005000 35.285550
-0.477367 1.909468 0.005000 35.931000
-0.954734 1.909468 0.005000 38.006020
-1.432101 1.909468 0.005000 41.343680
-1.909468 1.909468 0.005000 51.243235
-2.386835 1.909468 0.005000 61.101850
-2.864202 1.909468 0.005000 119.406750
-3.341569 1.909468 0.005000 274.681675
-3.341569 2.386835 0.005000 286.956025
-2.864202 2.386835 0.005000 129.763150
-2.386835 2.386835 0.005000 81.078840
-1.909468 2.386835 0.005000 66.332665
-1.432101 2.386835 0.005000 58.868257
-0.954734 2.386835 0.005000 54.424685
-0.477367 2.386835 0.005000 47.001335
0.000000 2.386835 0.005000 49.093197
0.477367 2.386835 0.005000 51.382780
0.954734 2.386835 0.005000 54.813780
1.432101 2.386835 0.005000 56.961615
1.909468 2.386835 0.005000 68.348938
2.386835 2.386835 0.005000 84.788505
2.864202 2.386835 0.005000 136.330275
3.341569 2.386835 0.005000 289.711750
3.341569 2.864202 0.005000 326.307025
2.864202 2.864202 0.005000 172.651725
2.386835 2.864202 0.005000 138.495700
1.909468 2.864202 0.005000 121.588175
1.432101 2.864202 0.005000 114.204675
0.954734 2.864202 0.005000 107.155900
0.477367 2.864202 0.005000 108.190125
0.000000 2.864202 0.005000 112.484800
-0.477367 2.864202 0.005000 106.606950
-0.954734 2.864202 0.005000 109.564125
-1.432101 2.864202 0.005000 106.806300
-1.909468 2.864202 0.005000 124.031250
-2.386835 2.864202 0.005000 133.836250
-2.864202 2.864202 0.005000 191.644675
-3.341569 2.864202 0.005000 323.130950
-3.341569 3.341569 0.005000 425.390975
-2.864202 3.341569 0.005000 313.541275
-2.386835 3.341569 0.005000 290.743700
-1.909468 3.341569 0.005000 271.450250
-1.432101 3.341569 0.005000 273.306400
-0.954734 3.341569 0.005000 273.180025
-0.477367 3.341569 0.005000 268.079900
0.000000 3.341569 0.005000 262.093850
0.477367 3.341569 0.005000 268.372425
0.954734 3.341569 0.005000 274.383000
1.432101 3.341569 0.005000 277.890175
1.909468 3.341569 0.005000 276.982950
2.386835 3.341569 0.005000 294.778450
2.864202 3.341569 0.005000 325.863300
3.341569 3.341569 0.005000 423.144900
