-3.652600 -1.823800 0.005000 0.210149
-3.130800 -1.823800 0.005000 0.241470
-2.609000 -1.823800 0.005000 0.268419
-2.087200 -1.823800 0.005000 0.290543
-1.565400 -1.823800 0.005000 0.302329
-1.043600 -1.823800 0.005000 0.307698
-0.521800 -1.823800 0.005000 0.300814
0.000000 -1.823800 0.005000 0.304570
0.521800 -1.823800 0.005000 0.309258
1.043600 -1.823800 0.005000 0.304205
1.565400 -1.823800 0.005000 0.295501
2.087200 -1.823800 0.005000 0.288963
2.609000 -1.823800 0.005000 0.274195
3.130800 -1.823800 0.005000 0.241636
3.652600 -1.823800 0.005000 0.226759
3.652600 -1.563257 0.005000 0.218646
3.130800 -1.563257 0.005000 0.216025
2.609000 -1.563257 0.005000 0.239274
2.087200 -1.563257 0.005000 0.250113
1.565400 -1.563257 0.005000 0.255916
1.043600 -1.563257 0.005000 0.257412
0.521800 -1.563257 0.005000 0.259725
0.000000 -1.563257 0.005000 0.260094
-0.521800 -1.563257 0.005000 0.259625
-1.043600 -1.563257 0.005000 0.259158
-1.565400 -1.563257 0.005000 0.256731
-2.087200 -1.563257 0.005000 0.246939
-2.609000 -1.563257 0.005000 0.236870
-3.130800 -1.563257 0.005000 0.213498
-3.652600 -1.563257 0.005000 0.219422
-3.652600 -1.302714 0.005000 0.284144
-3.130800 -1.302714 0.005000 0.271455
-2.609000 -1.302714 0.005000 0.300458
-2.087200 -1.302714 0.005000 0.318612
-1.565400 -1.302714 0.005000 0.325315
-1.043600 -1.302714 0.005000 0.329992
-0.521800 -1.302714 0.005000 0.329621
0.000000 -1.302714 0.005000 0.332901
0.521800 -1.302714 0.005000 0.332716
1.043600 -1.302714 0.005000 0.329257
1.565400 -1.302714 0.005000 0.324831
2.087200 -1.302714 0.005000 0.318566
2.609000 -1.302714 0.005000 0.304892
3.130800 -1.302714 0.005000 0.271043
3.652600 -1.302714 0.005000 0.281099
3.652600 -1.042171 0.005000 0.414039
3.130800 -1.042171 0.005000 0.428144
2.609000 -1.042171 0.005000 0.473216
2.087200 -1.042171 0.005000 0.491396
1.565400 -1.042171 0.005000 0.498648
1.043600 -1.042171 0.005000 0.503099
0.521800 -1.042171 0.005000 0.504583
0.000000 -1.042171 0.005000 0.505111
-0.521800 -1.042171 0.005000 0.507900
-1.043600 -1.042171 0.005000 0.502664
-1.565400 -1.042171 0.005000 0.497951
-2.087200 -1.042171 0.005000 0.492549
-2.609000 -1.042171 0.005000 0.472594
-3.130800 -1.042171 0.005000 0.431611
-3.652600 -1.042171 0.005000 0.417032
-3.652600 -0.781629 0.005000 0.701028
-3.130800 -0.781629 0.005000 0.790253
-2.609000 -0.781629 0.005000 0.867645
-2.087200 -0.781629 0.005000 0.895424
-1.565400 -0.781629 0.005000 0.904752
-1.043600 -0.781629 0.005000 0.909392
-0.521800 -0.781629 0.005000 0.907240
0.000000 -0.781629 0.005000 0.912215
0.521800 -0.781629 0.005000 0.914178
1.043600 -0.781629 0.005000 0.911175
1.565400 -0.781629 0.005000 0.902374
2.087200 -0.781629 0.005000 0.895098
2.609000 -0.781629 0.005000 0.876677
3.130800 -0.781629 0.005000 0.783796
3.652600 -0.781629 0.005000 0.705814
3.652600 -0.521086 0.005000 1.383978
3.130800 -0.521086 0.005000 1.790876
2.609000 -0.521086 0.005000 1.907486
2.087200 -0.521086 0.005000 1.932638
1.565400 -0.521086 0.005000 1.949491
1.043600 -0.521086 0.005000 1.958692
0.521800 -0.521086 0.005000 1.957136
0.000000 -0.521086 0.005000 1.955274
-0.521800 -0.521086 0.005000 1.959577
-1.043600 -0.521086 0.005000 1.961189
-1.565400 -0.521086 0.005000 1.951509
-2.087200 -0.521086 0.005000 1.923085
-2.609000 -0.521086 0.005000 1.908049
-3.130800 -0.521086 0.005000 1.789594
-3.652600 -0.521086 0.005000 1.386303
-3.652600 -0.260543 0.005000 2.833920
-3.130800 -0.260543 0.005000 4.089828
-2.609000 -0.260543 0.005000 4.320624
-2.087200 -0.260543 0.005000 4.403677
-1.565400 -0.260543 0.005000 4.453739
-1.043600 -0.260543 0.005000 4.471465
-0.521800 -0.260543 0.005000 4.501892
0.000000 -0.260543 0.005000 4.525119
0.521800 -0.260543 0.005000 4.502441
1.043600 -0.260543 0.005000 4.484291
1.565400 -0.260543 0.005000 4.420165
2.087200 -0.260543 0.005000 4.394260
2.609000 -0.260543 0.005000 4.299017
3.130800 -0.260543 0.005000 4.103448
3.652600 -0.260543 0.005000 2.865727
3.652600 0.000000 0.005000 4.077348
3.130800 0.000000 0.005000 6.333899
2.609000 0.000000 0.005000 6.592151
2.087200 0.000000 0.005000 6.711429
1.565400 0.000000 0.005000 6.844111
1.043600 0.000000 0.005000 6.995818
0.521800 0.000000 0.005000 7.045612
0.000000 0.000000 0.005000 7.093121
-0.521800 0.000000 0.005000 7.047072
-1.043600 0.000000 0.005000 6.993503
-1.565400 0.000000 0.005000 6.827455
-2.087200 0.000000 0.005000 6.693191
-2.609000 0.000000 0.005000 6.567400
-3.130800 0.000000 0.005000 6.374572
-3.652600 0.000000 0.005000 4.102001
-3.652600 0.260543 0.005000 2.867694
-3.130800 0.260543 0.005000 4.200881
-2.609000 0.260543 0.005000 4.388402
-2.087200 0.260543 0.005000 4.446409
-1.565400 0.260543 0.005000 4.482740
-1.043600 0.260543 0.005000 4.534552
-0.521800 0.260543 0.005000 4.544308
0.000000 0.260543 0.005000 4.569351
0.521800 0.260543 0.005000 4.544658
1.043600 0.260543 0.005000 4.535647
1.565400 0.260543 0.005000 4.474443
2.087200 0.260543 0.005000 4.433507
2.609000 0.260543 0.005000 4.372476
3.130800 0.260543 0.005000 4.231167
3.652600 0.260543 0.005000 2.854450
3.652600 0.521086 0.005000 1.415733
3.130800 0.521086 0.005000 1.830441
2.609000 0.521086 0.005000 1.954034
2.087200 0.521086 0.005000 1.978389
1.565400 0.521086 0.005000 1.981371
1.043600 0.521086 0.005000 1.997849
0.521800 0.521086 0.005000 1.996349
0.000000 0.521086 0.005000 1.993471
-0.521800 0.521086 0.005000 1.995356
-1.043600 0.521086 0.005000 1.991684
-1.565400 0.521086 0.005000 1.991927
-2.087200 0.521086 0.005000 1.965690
-2.609000 0.521086 0.005000 1.955098
-3.130800 0.521086 0.005000 1.872198
-3.652600 0.521086 0.005000 1.412702
-3.652600 0.781629 0.005000 0.733834
-3.130800 0.781629 0.005000 0.823564
-2.609000 0.781629 0.005000 0.909319
-2.087200 0.781629 0.005000 0.920837
-1.565400 0.781629 0.005000 0.929851
-1.043600 0.781629 0.005000 0.933061
-0.521800 0.781629 0.005000 0.935688
0.000000 0.781629 0.005000 0.939448
0.521800 0.781629 0.005000 0.936376
1.043600 0.781629 0.005000 0.935820
1.565400 0.781629 0.005000 0.926342
2.087200 0.781629 0.005000 0.921388
2.609000 0.781629 0.005000 0.901869
3.130800 0.781629 0.005000 0.859048
3.652600 0.781629 0.005000 0.722371
3.652600 1.042171 0.005000 0.426563
3.130800 1.042171 0.005000 0.446237
2.609000 1.042171 0.005000 0.492475
2.087200 1.042171 0.005000 0.505600
1.565400 1.042171 0.005000 0.512193
1.043600 1.042171 0.005000 0.517514
0.521800 1.042171 0.005000 0.518177
0.000000 1.042171 0.005000 0.521503
-0.521800 1.042171 0.005000 0.513925
-1.043600 1.042171 0.005000 0.515826
-1.565400 1.042171 0.005000 0.512114
-2.087200 1.042171 0.005000 0.507368
-2.609000 1.042171 0.005000 0.490120
-3.130800 1.042171 0.005000 0.458201
-3.652600 1.042171 0.005000 0.428524
-3.652600 1.302714 0.005000 0.290812
-3.130800 1.302714 0.005000 0.283568
-2.609000 1.302714 0.005000 0.312860
-2.087200 1.302714 0.005000 0.325446
-1.565400 1.302714 0.005000 0.326100
-1.043600 1.302714 0.005000 0.329471
-0.521800 1.302714 0.005000 0.339758
0.000000 1.302714 0.005000 0.334175
0.521800 1.302714 0.005000 0.330981
1.043600 1.302714 0.005000 0.329993
1.565400 1.302714 0.005000 0.326059
2.087200 1.302714 0.005000 0.321564
2.609000 1.302714 0.005000 0.314618
3.130800 1.302714 0.005000 0.290456
3.652600 1.302714 0.005000 0.286864
3.652600 1.563257 0.005000 0.222935
3.130800 1.563257 0.005000 0.221344
2.609000 1.563257 0.005000 0.232118
2.087200 1.563257 0.005000 0.258846
1.565400 1.563257 0.005000 0.261602
1.043600 1.563257 0.005000 0.269364
0.521800 1.563257 0.005000 0.267484
0.000000 1.563257 0.005000 0.267131
-0.521800 1.563257 0.005000 0.249338
-1.043600 1.563257 0.005000 0.263020
-1.565400 1.563257 0.005000 0.260797
-2.087200 1.563257 0.005000 0.254093
-2.609000 1.563257 0.005000 0.244897
-3.130800 1.563257 0.005000 0.212744
-3.652600 1.563257 0.005000 0.223339
-3.652600 1.823800 0.005000 0.220836
-3.130800 1.823800 0.005000 0.247485
-2.609000 1.823800 0.005000 0.216552
-2.087200 1.823800 0.005000 0.223107
-1.565400 1.823800 0.005000 0.228342
-1.043600 1.823800 0.005000 0.315179
-0.521800 1.823800 0.005000 0.316725
0.000000 1.823800 0.005000 0.236196
0.521800 1.823800 0.005000 0.235958
1.043600 1.823800 0.005000 0.315615
1.565400 1.823800 0.005000 0.313486
2.087200 1.823800 0.005000 0.229313
2.609000 1.823800 0.005000 0.282975
3.130800 1.823800 0.005000 0.197767
3.652600 1.823800 0.005000 0.218862
