-3.341569 -3.341569 0.005000 425.459200
-2.864202 -3.341569 0.005000 320.572375
-2.386835 -3.341569 0.005000 287.645750
-1.909468 -3.341569 0.005000 273.506225
-1.432101 -3.341569 0.005000 272.169075
-0.954734 -3.341569 0.005000 266.438725
-0.477367 -3.341569 0.005000 265.669775
0.000000 -3.341569 0.005000 265.214600
0.477367 -3.341569 0.005000 265.502975
0.954734 -3.341569 0.005000 265.425925
1.432101 -3.341569 0.005000 272.398125
1.909468 -3.341569 0.005000 272.850225
2.386835 -3.341569 0.005000 287.625200
2.864202 -3.341569 0.005000 325.928875
3.341569 -3.341569 0.005000 424.521350
3.341569 -2.864202 0.005000 332.902775
2.864202 -2.864202 0.005000 186.370150
2.386835 -2.864202 0.005000 131.781875
1.909468 -2.864202 0.005000 117.417350
1.432101 -2.864202 0.005000 118.353475
0.954734 -2.864202 0.005000 115.923325
0.477367 -2.864202 0.005000 109.631475
0.000000 -2.864202 0.005000 107.643325
-0.477367 -2.864202 0.005000 104.581225
-0.954734 -2.864202 0.005000 111.057600
-1.432101 -2.864202 0.005000 109.837775
-1.909468 -2.864202 0.005000 115.136675
-2.386835 -2.864202 0.005000 130.828350
-2.864202 -2.864202 0.005000 183.880200
-3.341569 -2.864202 0.005000 330.651750
-3.341569 -2.386835 0.005000 289.249975
-2.864202 -2.386835 0.005000 128.808975
-2.386835 -2.386835 0.005000 80.524795
-1.909468 -2.386835 0.005000 65.751477
-1.432101 -2.386835 0.005000 56.661640
-0.954734 -2.386835 0.005000 47.141855
-0.477367 -2.386835 0.005000 52.635908
0.000000 -2.386835 0.005000 53.045505
0.477367 -2.386835 0.005000 49.170687
0.954734 -2.386835 0.005000 48.924667
1.432101 -2.386835 0.005000 56.523397
1.909468 -2.386835 0.005000 64.081253
2.386835 -2.386835 0.005000 77.603567
2.864202 -2.386835 0.005000 134.177250
3.341569 -2.386835 0.005000 281.159700
3.341569 -1.909468 0.005000 274.637575
2.864202 -1.909468 0.005000 114.853350
2.386835 -1.909468 0.005000 61.832370
1.909468 -1.909468 0.005000 45.003410
1.432101 -1.909468 0.005000 40.863750
0.954734 -1.909468 0.005000 34.333413
0.477367 -1.909468 0.005000 32.345423
0.000000 -1.909468 0.005000 35.211620
-0.477367 -1.909468 0.005000 34.556440
-0.954734 -1.909468 0.005000 37.187038
-1.432101 -1.909468 0.005000 44.721780
-1.909468 -1.909468 0.005000 47.271163
-2.386835 -1.909468 0.005000 64.956492
-2.864202 -1.909468 0.005000 116.794100
-3.341569 -1.909468 0.005000 276.131825
-3.341569 -1.432101 0.005000 275.354800
-2.864202 -1.432101 0.005000 108.194000
-2.386835 -1.432101 0.005000 60.282190
-1.909468 -1.432101 0.005000 38.680240
-1.432101 -1.432101 0.005000 30.195215
-0.954734 -1.432101 0.005000 29.162660
-0.477367 -1.432101 0.005000 26.104905
0.000000 -1.432101 0.005000 25.756343
0.477367 -1.432101 0.005000 27.472258
0.954734 -1.432101 0.005000 28.229892
1.432101 -1.432101 0.005000 31.161995
1.909468 -1.432101 0.005000 39.765673
2.386835 -1.432101 0.005000 56.187425
2.864202 -1.432101 0.005000 116.015275
3.341569 -1.432101 0.005000 276.407100
3.341569 -0.954734 0.005000 264.674500
2.864202 -0.954734 0.005000 112.234675
2.386835 -0.954734 0.005000 53.132215
1.909468 -0.954734 0.005000 31.421560
1.432101 -0.954734 0.005000 27.756618
0.954734 -0.954734 0.005000 24.354105
0.477367 -0.954734 0.005000 23.749315
0.000000 -0.954734 0.005000 23.063993
-0.477367 -0.954734 0.005000 26.168805
-0.954734 -0.954734 0.005000 24.256942
-1.432101 -0.954734 0.005000 26.759137
-1.909468 -0.954734 0.005000 32.202102
-2.386835 -0.954734 0.005000 51.100345
-2.864202 -0.954734 0.005000 108.451950
-3.341569 -0.954734 0.005000 267.425700
-3.341569 -0.477367 0.005000 262.725875
-2.864202 -0.477367 0.005000 111.514500
-2.386835 -0.477367 0.005000 49.345885
-1.909468 -0.477367 0.005000 31.255400
-1.432101 -0.477367 0.005000 25.344042
-0.954734 -0.477367 0.005000 24.340427
-0.477367 -0.477367 0.005000 21.421458
0.000000 -0.477367 0.005000 21.570990
0.477367 -0.477367 0.005000 20.363892
0.954734 -0.477367 0.005000 25.944517
1.432101 -0.477367 0.005000 27.338295
1.909468 -0.477367 0.005000 33.920000
2.386835 -0.477367 0.005000 55.666865
2.864202 -0.477367 0.005000 108.882050
3.341569 -0.477367 0.005000 263.724375
3.341569 0.000000 0.005000 264.672150
2.864202 0.000000 0.005000 105.202450
2.386835 0.000000 0.005000 51.677003
1.909468 0.000000 0.005000 31.601157
1.432101 0.000000 0.005000 27.367368
0.954734 0.000000 0.005000 23.196525
0.477367 0.000000 0.005000 22.037728
0.000000 0.000000 0.005000 21.307860
-0.477367 0.000000 0.005000 21.568083
-0.954734 0.000000 0.005000 25.797605
-1.432101 0.000000 0.005000 29.147945
-1.909468 0.000000 0.005000 32.613312
-2.386835 0.000000 0.005000 48.068265
-2.864202 0.000000 0.005000 114.133300
-3.341569 0.000000 0.005000 270.376750
-3.341569 0.477367 0.005000 272.395975
-2.864202 0.477367 0.005000 108.772475
-2.386835 0.477367 0.005000 55.486528
-1.909468 0.477367 0.005000 34.294928
-1.432101 0.477367 0.005000 29.257335
-0.954734 0.477367 0.005000 25.853822
-0.477367 0.477367 0.005000 22.880475
0.000000 0.477367 0.005000 22.039405
0.477367 0.477367 0.005000 20.276198
0.954734 0.477367 0.005000 26.875260
1.432101 0.477367 0.005000 27.970033
1.909468 0.477367 0.005000 37.144630
2.386835 0.477367 0.005000 54.472877
2.864202 0.477367 0.005000 112.576100
3.341569 0.477367 0.005000 265.844950
3.341569 0.954734 0.005000 269.747575
2.864202 0.954734 0.005000 111.808150
2.386835 0.954734 0.005000 56.296050
1.909468 0.954734 0.005000 35.727018
1.432101 0.954734 0.005000 26.375525
0.954734 0.954734 0.005000 27.138518
0.477367 0.954734 0.005000 25.868913
0.000000 0.954734 0.005000 24.772858
-0.477367 0.954734 0.005000 26.374145
-0.954734 0.954734 0.005000 28.843013
-1.432101 0.954734 0.005000 31.495833
-1.909468 0.954734 0.005000 33.037597
-2.386835 0.954734 0.005000 53.777898
-2.864202 0.954734 0.005000 108.141525
-3.341569 0.954734 0.005000 266.485025
-3.341569 1.432101 0.005000 270.211100
-2.864202 1.432101 0.005000 106.840300
-2.386835 1.432101 0.005000 57.231282
-1.909468 1.432101 0.005000 36.522650
-1.432101 1.432101 0.005000 31.234400
-0.954734 1.432101 0.005000 28.230450
-0.477367 1.432101 0.005000 28.917905
0.000000 1.432101 0.005000 28.832440
0.477367 1.432101 0.005000 28.528108
0.954734 1.432101 0.005000 31.451055
1.432101 1.432101 0.005000 32.592725
1.909468 1.432101 0.005000 46.468655
2.386835 1.432101 0.005000 61.402598
2.864202 1.432101 0.005000 119.819425
3.341569 1.432101 0.005000 272.410225
3.341569 1.909468 0.005000 269.120925
2.864202 1.909468 0.005000 118.981700
2.386835 1.909468 0.005000 57.524972
1.909468 1.909468 0.005000 43.020485
1.432101 1.909468 0.005000 40.587168
0.954734 1.909468 0.005000 34.344377
0.477367 1.909468 0.005000 32.256320
0.000000 1.909468 0.005000 30.835135
-0.477367 1.909468 0.005000 34.001328
-0.954734 1.909468 0.005000 32.634238
-1.432101 1.909468 0.005000 39.322025
-1.909468 1.909468 0.005000 47.838258
-2.386835 1.909468 0.005000 61.536507
-2.864202 1.909468 0.005000 120.956975
-3.341569 1.909468 0.005000 273.983200
-3.341569 2.386835 0.005000 286.127350
-2.864202 2.386835 0.005000 134.499750
-2.386835 2.386835 0.005000 77.957710
-1.909468 2.386835 0.005000 59.131050
-1.432101 2.386835 0.005000 56.034647
-0.954734 2.386835 0.005000 57.299570
-0.477367 2.386835 0.005000 53.258007
0.000000 2.386835 0.005000 48.028512
0.477367 2.386835 0.005000 52.895067
0.954734 2.386835 0.005000 55.044405
1.432101 2.386835 0.005000 55.685002
1.909468 2.386835 0.005000 60.418097
2.386835 2.386835 0.005000 76.177132
2.864202 2.386835 0.005000 128.589100
3.341569 2.386835 0.005000 287.387000
3.341569 2.864202 0.005000 320.620350
2.864202 2.864202 0.005000 181.286200
2.386835 2.864202 0.005000 133.025725
1.909468 2.864202 0.005000 113.996700
1.432101 2.864202 0.005000 113.399025
0.954734 2.864202 0.005000 114.425275
0.477367 2.864202 0.005000 106.548750
0.000000 2.864202 0.005000 111.491675
-0.477367 2.864202 0.005000 111.326700
-0.954734 2.864202 0.005000 116.270975
-1.432101 2.864202 0.005000 115.933300
-1.909468 2.864202 0.005000 115.978500
-2.386835 2.864202 0.005000 138.006450
-2.864202 2.864202 0.005000 172.254350
-3.341569 2.864202 0.005000 319.583800
-3.341569 3.341569 0.005000 421.953950
-2.864202 3.341569 0.005000 321.450250
-2.386835 3.341569 0.005000 287.276350
-1.909468 3.341569 0.005000 272.152425
-1.432101 3.341569 0.005000 270.296325
-0.954734 3.341569 0.005000 268.046275
-0.477367 3.341569 0.005000 262.672250
0.000000 3.341569 0.005000 268.378400
0.477367 3.341569 0.005000 276.815300
0.954734 3.341569 0.005000 270.116725
1.432101 3.341569 0.005000 273.984050
1.909468 3.341569 0.005000 273.707275
2.386835 3.341569 0.005000 290.089550
2.864202 3.341569 0.005000 321.524025
3.341569 3.341569 0.005000 422.032150
