-3.652600 -1.823800 0.005000 2.869190
-3.130800 -1.823800 0.005000 4.158936
-2.609000 -1.823800 0.005000 4.326442
-2.087200 -1.823800 0.005000 4.409878
-1.565400 -1.823800 0.005000 4.440707
-1.043600 -1.823800 0.005000 4.474006
-0.521800 -1.823800 0.005000 4.506698
0.000000 -1.823800 0.005000 4.501502
0.521800 -1.823800 0.005000 4.506108
1.043600 -1.823800 0.005000 4.491481
1.565400 -1.823800 0.005000 4.456339
2.087200 -1.823800 0.005000 4.415256
2.609000 -1.823800 0.005000 4.347332
3.130800 -1.823800 0.005000 4.173829
3.652600 -1.823800 0.005000 3.119129
3.652600 -1.563257 0.005000 4.377230
3.130800 -1.563257 0.005000 6.516097
2.609000 -1.563257 0.005000 6.715291
2.087200 -1.563257 0.005000 6.805037
1.565400 -1.563257 0.005000 6.926356
1.043600 -1.563257 0.005000 7.037085
0.521800 -1.563257 0.005000 7.083860
0.000000 -1.563257 0.005000 7.123570
-0.521800 -1.563257 0.005000 7.089767
-1.043600 -1.563257 0.005000 7.005451
-1.565400 -1.563257 0.005000 6.909923
-2.087200 -1.563257 0.005000 6.748566
-2.609000 -1.563257 0.005000 6.652576
-3.130800 -1.563257 0.005000 6.461341
-3.652600 -1.563257 0.005000 4.378538
-3.652600 -1.302714 0.005000 4.021191
-3.130800 -1.302714 0.005000 5.912081
-2.609000 -1.302714 0.005000 6.126169
-2.087200 -1.302714 0.005000 6.222851
-1.565400 -1.302714 0.005000 6.323576
-1.043600 -1.302714 0.005000 6.433556
-0.521800 -1.302714 0.005000 6.492581
0.000000 -1.302714 0.005000 6.552366
0.521800 -1.302714 0.005000 6.490934
1.043600 -1.302714 0.005000 6.412159
1.565400 -1.302714 0.005000 6.325957
2.087200 -1.302714 0.005000 6.238567
2.609000 -1.302714 0.005000 6.123407
3.130800 -1.302714 0.005000 5.976916
3.652600 -1.302714 0.005000 4.070599
3.652600 -1.042171 0.005000 2.273525
3.130800 -1.042171 0.005000 3.077852
2.609000 -1.042171 0.005000 3.184794
2.087200 -1.042171 0.005000 3.160130
1.565400 -1.042171 0.005000 3.196158
1.043600 -1.042171 0.005000 3.242429
0.521800 -1.042171 0.005000 3.274370
0.000000 -1.042171 0.005000 3.222437
-0.521800 -1.042171 0.005000 3.213992
-1.043600 -1.042171 0.005000 3.195712
-1.565400 -1.042171 0.005000 3.176457
-2.087200 -1.042171 0.005000 3.196860
-2.609000 -1.042171 0.005000 3.116671
-3.130800 -1.042171 0.005000 3.061131
-3.652600 -1.042171 0.005000 2.252796
-3.652600 -0.781629 0.005000 1.223244
-3.130800 -0.781629 0.005000 1.392854
-2.609000 -0.781629 0.005000 1.550377
-2.087200 -0.781629 0.005000 1.528677
-1.565400 -0.781629 0.005000 1.597056
-1.043600 -0.781629 0.005000 1.589010
-0.521800 -0.781629 0.005000 1.595009
0.000000 -0.781629 0.005000 1.607356
0.521800 -0.781629 0.005000 1.550928
1.043600 -0.781629 0.005000 1.538119
1.565400 -0.781629 0.005000 1.590492
2.087200 -0.781629 0.005000 1.574050
2.609000 -0.781629 0.005000 1.506606
3.130800 -0.781629 0.005000 1.435793
3.652600 -0.781629 0.005000 1.256895
3.652600 -0.521086 0.005000 0.805617
3.130800 -0.521086 0.005000 0.878819
2.609000 -0.521086 0.005000 0.903079
2.087200 -0.521086 0.005000 0.888083
1.565400 -0.521086 0.005000 0.909033
1.043600 -0.521086 0.005000 0.925482
0.521800 -0.521086 0.005000 0.935856
0.000000 -0.521086 0.005000 0.902713
-0.521800 -0.521086 0.005000 0.894297
-1.043600 -0.521086 0.005000 0.910032
-1.565400 -0.521086 0.005000 0.900381
-2.087200 -0.521086 0.005000 0.921201
-2.609000 -0.521086 0.005000 0.874960
-3.130800 -0.521086 0.005000 0.841555
-3.652600 -0.521086 0.005000 0.787615
-3.652600 -0.260543 0.005000 0.618464
-3.130800 -0.260543 0.005000 0.584820
-2.609000 -0.260543 0.005000 0.650410
-2.087200 -0.260543 0.005000 0.628178
-1.565400 -0.260543 0.005000 0.668851
-1.043600 -0.260543 0.005000 0.675970
-0.521800 -0.260543 0.005000 0.663693
0.000000 -0.260543 0.005000 0.669748
0.521800 -0.260543 0.005000 0.655963
1.043600 -0.260543 0.005000 0.664832
1.565400 -0.260543 0.005000 0.675840
2.087200 -0.260543 0.005000 0.658603
2.609000 -0.260543 0.005000 0.618279
3.130800 -0.260543 0.005000 0.594398
3.652600 -0.260543 0.005000 0.647040
3.652600 0.000000 0.005000 0.585215
3.130800 0.000000 0.005000 0.542836
2.609000 0.000000 0.005000 0.557195
2.087200 0.000000 0.005000 0.586712
1.565400 0.000000 0.005000 0.601078
1.043600 0.000000 0.005000 0.604067
0.521800 0.000000 0.005000 0.593101
0.000000 0.000000 0.005000 0.602806
-0.521800 0.000000 0.005000 0.598682
-1.043600 0.000000 0.005000 0.590847
-1.565400 0.000000 0.005000 0.601921
-2.087200 0.000000 0.005000 0.566355
-2.609000 0.000000 0.005000 0.554001
-3.130800 0.000000 0.005000 0.534455
-3.652600 0.000000 0.005000 0.558217
-3.652600 0.260543 0.005000 0.598180
-3.130800 0.260543 0.005000 0.593977
-2.609000 0.260543 0.005000 0.605911
-2.087200 0.260543 0.005000 0.646438
-1.565400 0.260543 0.005000 0.657935
-1.043600 0.260543 0.005000 0.646035
-0.521800 0.260543 0.005000 0.653621
0.000000 0.260543 0.005000 0.657228
0.521800 0.260543 0.005000 0.651208
1.043600 0.260543 0.005000 0.666486
1.565400 0.260543 0.005000 0.655200
2.087200 0.260543 0.005000 0.641316
2.609000 0.260543 0.005000 0.614042
3.130800 0.260543 0.005000 0.582490
3.652600 0.260543 0.005000 0.638335
3.652600 0.521086 0.005000 0.824122
3.130800 0.521086 0.005000 0.772818
2.609000 0.521086 0.005000 0.825966
2.087200 0.521086 0.005000 0.880479
1.565400 0.521086 0.005000 0.894597
1.043600 0.521086 0.005000 0.886027
0.521800 0.521086 0.005000 0.869820
0.000000 0.521086 0.005000 0.897628
-0.521800 0.521086 0.005000 0.886979
-1.043600 0.521086 0.005000 0.871526
-1.565400 0.521086 0.005000 0.881329
-2.087200 0.521086 0.005000 0.865190
-2.609000 0.521086 0.005000 0.865513
-3.130800 0.521086 0.005000 0.780451
-3.652600 0.521086 0.005000 0.784387
-3.652600 0.781629 0.005000 1.208668
-3.130800 0.781629 0.005000 1.393281
-2.609000 0.781629 0.005000 1.454159
-2.087200 0.781629 0.005000 1.500040
-1.565400 0.781629 0.005000 1.484642
-1.043600 0.781629 0.005000 1.476573
-0.521800 0.781629 0.005000 1.499689
0.000000 0.781629 0.005000 1.511219
0.521800 0.781629 0.005000 1.543060
1.043600 0.781629 0.005000 1.523021
1.565400 0.781629 0.005000 1.501071
2.087200 0.781629 0.005000 1.477825
2.609000 0.781629 0.005000 1.488633
3.130800 0.781629 0.005000 1.408857
3.652600 0.781629 0.005000 1.251467
3.652600 1.042171 0.005000 2.291377
3.130800 1.042171 0.005000 2.876053
2.609000 1.042171 0.005000 3.037195
2.087200 1.042171 0.005000 3.114133
1.565400 1.042171 0.005000 3.163881
1.043600 1.042171 0.005000 3.114303
0.521800 1.042171 0.005000 3.160767
0.000000 1.042171 0.005000 3.198604
-0.521800 1.042171 0.005000 3.199663
-1.043600 1.042171 0.005000 3.176124
-1.565400 1.042171 0.005000 3.157104
-2.087200 1.042171 0.005000 3.065709
-2.609000 1.042171 0.005000 3.084803
-3.130800 1.042171 0.005000 2.850509
-3.652600 1.042171 0.005000 2.232529
-3.652600 1.302714 0.005000 3.991267
-3.130800 1.302714 0.005000 5.899605
-2.609000 1.302714 0.005000 5.967042
-2.087200 1.302714 0.005000 6.212594
-1.565400 1.302714 0.005000 6.170517
-1.043600 1.302714 0.005000 6.326765
-0.521800 1.302714 0.005000 6.350910
0.000000 1.302714 0.005000 6.383390
0.521800 1.302714 0.005000 6.479732
1.043600 1.302714 0.005000 6.409702
1.565400 1.302714 0.005000 6.211686
2.087200 1.302714 0.005000 6.101446
2.609000 1.302714 0.005000 6.101731
3.130800 1.302714 0.005000 5.937535
3.652600 1.302714 0.005000 4.071309
3.652600 1.563257 0.005000 4.464666
3.130800 1.563257 0.005000 6.338330
2.609000 1.563257 0.005000 6.536845
2.087200 1.563257 0.005000 6.863491
1.565400 1.563257 0.005000 6.985559
1.043600 1.563257 0.005000 7.135702
0.521800 1.563257 0.005000 7.218166
0.000000 1.563257 0.005000 7.245851
-0.521800 1.563257 0.005000 7.193310
-1.043600 1.563257 0.005000 7.115257
-1.565400 1.563257 0.005000 6.987574
-2.087200 1.563257 0.005000 6.880508
-2.609000 1.563257 0.005000 6.750679
-3.130800 1.563257 0.005000 6.347286
-3.652600 1.563257 0.005000 4.425395
-3.652600 1.823800 0.005000 3.107484
-3.130800 1.823800 0.005000 4.286039
-2.609000 1.823800 0.005000 4.430693
-2.087200 1.823800 0.005000 4.514239
-1.565400 1.823800 0.005000 4.564527
-1.043600 1.823800 0.005000 4.622096
-0.521800 1.823800 0.005000 4.631099
0.000000 1.823800 0.005000 4.660081
0.521800 1.823800 0.005000 4.637220
1.043600 1.823800 0.005000 4.579166
1.565400 1.823800 0.005000 4.598230
2.087200 1.823800 0.005000 4.519022
2.609000 1.823800 0.005000 4.452272
3.130800 1.823800 0.005000 4.288128
3.652600 1.823800 0.005000 3.104614
