-3.341569 -3.341569 0.005000 416.779950
-2.864202 -3.341569 0.005000 322.530700
-2.386835 -3.341569 0.005000 289.944300
-1.909468 -3.341569 0.005000 277.029600
-1.432101 -3.341569 0.005000 271.535050
-0.954734 -3.341569 0.005000 267.996500
-0.477367 -3.341569 0.005000 268.000425
0.000000 -3.341569 0.005000 260.975250
0.477367 -3.341569 0.005000 262.330825
0.954734 -3.341569 0.005000 265.450700
1.432101 -3.341569 0.005000 275.926475
1.909468 -3.341569 0.005000 278.516450
2.386835 -3.341569 0.005000 283.760800
2.864202 -3.341569 0.005000 327.459425
3.341569 -3.341569 0.005000 422.818700
3.341569 -2.864202 0.005000 326.314100
2.864202 -2.864202 0.005000 186.456875
2.386835 -2.864202 0.005000 131.046075
1.909468 -2.864202 0.005000 125.817100
1.432101 -2.864202 0.005000 110.134600
0.954734 -2.864202 0.005000 105.603925
0.477367 -2.864202 0.005000 108.266225
0.000000 -2.864202 0.005000 104.063900
-0.477367 -2.864202 0.005000 107.133950
-0.954734 -2.864202 0.005000 105.587750
-1.432101 -2.864202 0.005000 112.487900
-1.909468 -2.864202 0.005000 115.703600
-2.386835 -2.864202 0.005000 136.265750
-2.864202 -2.864202 0.005000 184.862400
-3.341569 -2.864202 0.005000 322.081100
-3.341569 -2.386835 0.005000 281.256950
-2.864202 -2.386835 0.005000 146.281425
-2.386835 -2.386835 0.005000 79.649738
-1.909468 -2.386835 0.005000 63.166843
-1.432101 -2.386835 0.005000 58.157718
-0.954734 -2.386835 0.005000 56.063012
-0.477367 -2.386835 0.005000 48.204753
0.000000 -2.386835 0.005000 47.948623
0.477367 -2.386835 0.005000 54.817580
0.954734 -2.386835 0.005000 56.941442
1.432101 -2.386835 0.005000 57.328540
1.909468 -2.386835 0.005000 64.751272
2.386835 -2.386835 0.005000 77.046863
2.864202 -2.386835 0.005000 137.063975
3.341569 -2.386835 0.005000 299.080800
3.341569 -1.909468 0.005000 270.762775
2.864202 -1.909468 0.005000 120.097000
2.386835 -1.909468 0.005000 62.848475
1.909468 -1.909468 0.005000 49.199505
1.432101 -1.909468 0.005000 33.770480
0.954734 -1.909468 0.005000 36.313605
0.477367 -1.909468 0.005000 34.110157
0.000000 -1.909468 0.005000 33.794065
-0.477367 -1.909468 0.005000 36.677483
-0.954734 -1.909468 0.005000 36.648433
-1.432101 -1.909468 0.005000 37.737600
-1.909468 -1.909468 0.005000 43.780200
-2.386835 -1.909468 0.005000 60.128393
-2.864202 -1.909468 0.005000 123.151025
-3.341569 -1.909468 0.005000 265.854025
-3.341569 -1.432101 0.005000 279.666975
-2.864202 -1.432101 0.005000 116.701450
-2.386835 -1.432101 0.005000 56.650030
-1.909468 -1.432101 0.005000 36.261612
-1.432101 -1.432101 0.005000 27.508942
-0.954734 -1.432101 0.005000 24.749640
-0.477367 -1.432101 0.005000 24.503942
0.000000 -1.432101 0.005000 22.950885
0.477367 -1.432101 0.005000 25.004053
0.954734 -1.432101 0.005000 25.946475
1.432101 -1.432101 0.005000 31.101135
1.909468 -1.432101 0.005000 41.020860
2.386835 -1.432101 0.005000 59.110743
2.864202 -1.432101 0.005000 108.986150
3.341569 -1.432101 0.005000 273.768200
3.341569 -0.954734 0.005000 267.640025
2.864202 -0.954734 0.005000 117.810625
2.386835 -0.954734 0.005000 57.923562
1.909468 -0.954734 0.005000 28.808118
1.432101 -0.954734 0.005000 25.765542
0.954734 -0.954734 0.005000 23.138342
0.477367 -0.954734 0.005000 20.651140
0.000000 -0.954734 0.005000 21.832992
-0.477367 -0.954734 0.005000 20.251835
-0.954734 -0.954734 0.005000 23.137540
-1.432101 -0.954734 0.005000 27.413240
-1.909468 -0.954734 0.005000 35.367378
-2.386835 -0.954734 0.005000 54.269012
-2.864202 -0.954734 0.005000 106.895225
-3.341569 -0.954734 0.005000 271.965150
-3.341569 -0.477367 0.005000 267.246275
-2.864202 -0.477367 0.005000 108.693375
-2.386835 -0.477367 0.005000 52.947920
-1.909468 -0.477367 0.005000 41.966873
-1.432101 -0.477367 0.005000 24.169767
-0.954734 -0.477367 0.005000 21.168705
-0.477367 -0.477367 0.005000 22.225900
0.000000 -0.477367 0.005000 21.959398
0.477367 -0.477367 0.005000 23.293717
0.954734 -0.477367 0.005000 23.497932
1.432101 -0.477367 0.005000 27.107122
1.909468 -0.477367 0.005000 31.248947
2.386835 -0.477367 0.005000 48.755580
2.864202 -0.477367 0.005000 106.401300
3.341569 -0.477367 0.005000 266.517600
3.341569 0.000000 0.005000 263.331575
2.864202 0.000000 0.005000 105.327925
2.386835 0.000000 0.005000 52.148533
1.909468 0.000000 0.005000 33.392457
1.432101 0.000000 0.005000 24.489110
0.954734 0.000000 0.005000 20.967697
0.477367 0.000000 0.005000 19.142968
0.000000 0.000000 0.005000 21.572942
-0.477367 0.000000 0.005000 21.370145
-0.954734 0.000000 0.005000 21.322815
-1.432101 0.000000 0.005000 24.255305
-1.909468 0.000000 0.005000 35.207473
-2.386835 0.000000 0.005000 54.519807
-2.864202 0.000000 0.005000 112.570450
-3.341569 0.000000 0.005000 264.488575
-3.341569 0.477367 0.005000 272.809425
-2.864202 0.477367 0.005000 113.479900
-2.386835 0.477367 0.005000 52.639780
-1.909468 0.477367 0.005000 33.201110
-1.432101 0.477367 0.005000 26.958025
-0.954734 0.477367 0.005000 25.102837
-0.477367 0.477367 0.005000 19.887835
0.000000 0.477367 0.005000 20.896550
0.477367 0.477367 0.005000 20.751398
0.954734 0.477367 0.005000 20.699835
1.432101 0.477367 0.005000 25.855205
1.909468 0.477367 0.005000 34.076955
2.386835 0.477367 0.005000 52.993263
2.864202 0.477367 0.005000 112.706525
3.341569 0.477367 0.005000 272.711600
3.341569 0.954734 0.005000 269.192825
2.864202 0.954734 0.005000 109.137175
2.386835 0.954734 0.005000 61.971103
1.909468 0.954734 0.005000 32.949758
1.432101 0.954734 0.005000 28.828780
0.954734 0.954734 0.005000 23.274770
0.477367 0.954734 0.005000 21.372195
0.000000 0.954734 0.005000 21.851915
-0.477367 0.954734 0.005000 23.721238
-0.954734 0.954734 0.005000 22.482563
-1.432101 0.954734 0.005000 23.709967
-1.909468 0.954734 0.005000 36.436977
-2.386835 0.954734 0.005000 53.601450
-2.864202 0.954734 0.005000 115.352250
-3.341569 0.954734 0.005000 266.334425
-3.341569 1.432101 0.005000 271.432750
-2.864202 1.432101 0.005000 111.673925
-2.386835 1.432101 0.005000 53.493995
-1.909468 1.432101 0.005000 36.957003
-1.432101 1.432101 0.005000 28.722810
-0.954734 1.432101 0.005000 26.932775
-0.477367 1.432101 0.005000 27.462660
0.000000 1.432101 0.005000 26.436117
0.477367 1.432101 0.005000 25.681340
0.954734 1.432101 0.005000 28.990100
1.432101 1.432101 0.005000 28.418590
1.909468 1.432101 0.005000 33.523457
2.386835 1.432101 0.005000 61.466445
2.864202 1.432101 0.005000 106.433925
3.341569 1.432101 0.005000 268.969150
3.341569 1.909468 0.005000 269.602100
2.864202 1.909468 0.005000 122.363375
2.386835 1.909468 0.005000 69.300570
1.909468 1.909468 0.005000 48.552125
1.432101 1.909468 0.005000 41.005808
0.954734 1.909468 0.005000 33.312728
0.477367 1.909468 0.005000 32.108928
0.000000 1.909468 0.005000 34.806945
-0.477367 1.909468 0.005000 31.753825
-0.954734 1.909468 0.005000 33.017300
-1.432101 1.909468 0.005000 35.952537
-1.909468 1.909468 0.005000 43.984015
-2.386835 1.909468 0.005000 64.427600
-2.864202 1.909468 0.005000 114.336725
-3.341569 1.909468 0.005000 274.836675
-3.341569 2.386835 0.005000 291.553875
-2.864202 2.386835 0.005000 138.339000
-2.386835 2.386835 0.005000 80.330540
-1.909468 2.386835 0.005000 68.946637
-1.432101 2.386835 0.005000 56.051445
-0.954734 2.386835 0.005000 57.027102
-0.477367 2.386835 0.005000 52.188850
0.000000 2.386835 0.005000 51.916975
0.477367 2.386835 0.005000 51.350388
0.954734 2.386835 0.005000 56.855387
1.432101 2.386835 0.005000 57.420277
1.909468 2.386835 0.005000 65.881745
2.386835 2.386835 0.005000 86.535647
2.864202 2.386835 0.005000 132.849100
3.341569 2.386835 0.005000 297.315650
3.341569 2.864202 0.005000 323.251875
2.864202 2.864202 0.005000 182.087200
2.386835 2.864202 0.005000 134.724200
1.909468 2.864202 0.005000 119.109825
1.432101 2.864202 0.005000 115.591175
0.954734 2.864202 0.005000 108.881750
0.477367 2.864202 0.005000 107.537525
0.000000 2.864202 0.005000 110.194950
-0.477367 2.864202 0.005000 111.006200
-0.954734 2.864202 0.005000 120.098925
-1.432101 2.864202 0.005000 114.378475
-1.909468 2.864202 0.005000 121.997575
-2.386835 2.864202 0.005000 137.492150
-2.864202 2.864202 0.005000 192.601075
-3.341569 2.864202 0.005000 323.618150
-3.341569 3.341569 0.005000 415.215300
-2.864202 3.341569 0.005000 321.938600
-2.386835 3.341569 0.005000 290.234100
-1.909468 3.341569 0.005000 275.662550
-1.432101 3.341569 0.005000 265.854325
-0.954734 3.341569 0.005000 273.748150
-0.477367 3.341569 0.005000 265.409000
0.000000 3.341569 0.005000 270.414800
0.477367 3.341569 0.005000 268.618000
0.954734 3.341569 0.005000 269.932900
1.432101 3.341569 0.005000 271.359750
1.909468 3.341569 0.005000 278.724050
2.386835 3.341569 0.005000 289.325000
2.864202 3.341569 0.005000 326.076825
3.341569 3.341569 0.005000 425.186975
