-3.341569 -3.341569 0.005000 424.435225
-2.864202 -3.341569 0.005000 323.372150
-2.386835 -3.341569 0.005000 294.054050
-1.909468 -3.341569 0.005000 274.252750
-1.432101 -3.341569 0.005000 267.997125
-0.954734 -3.341569 0.005000 266.435475
-0.477367 -3.341569 0.005000 262.479925
0.000000 -3.341569 0.005000 270.023150
0.477367 -3.341569 0.005000 267.040875
0.954734 -3.341569 0.005000 268.045025
1.432101 -3.341569 0.005000 274.173450
1.909468 -3.341569 0.005000 280.784200
2.386835 -3.341569 0.005000 292.706225
2.864202 -3.341569 0.005000 330.065825
3.341569 -3.341569 0.005000 417.429775
3.341569 -2.864202 0.005000 318.362475
2.864202 -2.864202 0.005000 178.578525
2.386835 -2.864202 0.005000 132.651550
1.909468 -2.864202 0.005000 116.336675
1.432101 -2.864202 0.005000 102.813950
0.954734 -2.864202 0.005000 114.800250
0.477367 -2.864202 0.005000 105.668175
0.000000 -2.864202 0.005000 106.863225
-0.477367 -2.864202 0.005000 112.023750
-0.954734 -2.864202 0.005000 114.270200
-1.432101 -2.864202 0.005000 108.595000
-1.909468 -2.864202 0.005000 126.780325
-2.386835 -2.864202 0.005000 132.708025
-2.864202 -2.864202 0.005000 179.525350
-3.341569 -2.864202 0.005000 336.207100
-3.341569 -2.386835 0.005000 286.225725
-2.864202 -2.386835 0.005000 132.942775
-2.386835 -2.386835 0.005000 77.096390
-1.909468 -2.386835 0.005000 63.308885
-1.432101 -2.386835 0.005000 60.431103
-0.954734 -2.386835 0.005000 53.111560
-0.477367 -2.386835 0.005000 52.191420
0.000000 -2.386835 0.005000 54.107677
0.477367 -2.386835 0.005000 49.401435
0.954734 -2.386835 0.005000 55.287365
1.432101 -2.386835 0.005000 51.247430
1.909468 -2.386835 0.005000 67.020212
2.386835 -2.386835 0.005000 75.509860
2.864202 -2.386835 0.005000 126.683375
3.341569 -2.386835 0.005000 288.104175
3.341569 -1.909468 0.005000 279.596925
2.864202 -1.909468 0.005000 116.914700
2.386835 -1.909468 0.005000 61.414310
1.909468 -1.909468 0.005000 44.419970
1.432101 -1.909468 0.005000 37.485275
0.954734 -1.909468 0.005000 35.437980
0.477367 -1.909468 0.005000 32.964635
0.000000 -1.909468 0.005000 32.193530
-0.477367 -1.909468 0.005000 38.843265
-0.954734 -1.909468 0.005000 35.966517
-1.432101 -1.909468 0.005000 37.679163
-1.909468 -1.909468 0.005000 44.221590
-2.386835 -1.909468 0.005000 66.125567
-2.864202 -1.909468 0.005000 118.139775
-3.341569 -1.909468 0.005000 275.813300
-3.341569 -1.432101 0.005000 274.913175
-2.864202 -1.432101 0.005000 112.290650
-2.386835 -1.432101 0.005000 56.978563
-1.909468 -1.432101 0.005000 36.750425
-1.432101 -1.432101 0.005000 34.678160
-0.954734 -1.432101 0.005000 29.304258
-0.477367 -1.432101 0.005000 27.568903
0.000000 -1.432101 0.005000 26.962425
0.477367 -1.432101 0.005000 28.676087
0.954734 -1.432101 0.005000 26.870532
1.432101 -1.432101 0.005000 35.607467
1.909468 -1.432101 0.005000 38.102395
2.386835 -1.432101 0.005000 50.753725
2.864202 -1.432101 0.005000 113.555525
3.341569 -1.432101 0.005000 278.368875
3.341569 -0.954734 0.005000 262.770125
2.864202 -0.954734 0.005000 105.259250
2.386835 -0.954734 0.005000 54.640930
1.909468 -0.954734 0.005000 34.468528
1.432101 -0.954734 0.005000 29.032710
0.954734 -0.954734 0.005000 22.980763
0.477367 -0.954734 0.005000 21.228713
0.000000 -0.954734 0.005000 25.331478
-0.477367 -0.954734 0.005000 25.721085
-0.954734 -0.954734 0.005000 23.546277
-1.432101 -0.954734 0.005000 30.889675
-1.909468 -0.954734 0.005000 35.166238
-2.386835 -0.954734 0.005000 58.305980
-2.864202 -0.954734 0.005000 117.251625
-3.341569 -0.954734 0.005000 273.363450
-3.341569 -0.477367 0.005000 271.689125
-2.864202 -0.477367 0.005000 105.799225
-2.386835 -0.477367 0.005000 51.850485
-1.909468 -0.477367 0.005000 31.908647
-1.432101 -0.477367 0.005000 27.101400
-0.954734 -0.477367 0.005000 22.274957
-0.477367 -0.477367 0.005000 21.226925
0.000000 -0.477367 0.005000 18.479373
0.477367 -0.477367 0.005000 23.417278
0.954734 -0.477367 0.005000 21.789717
1.432101 -0.477367 0.005000 25.538132
1.909468 -0.477367 0.005000 33.233490
2.386835 -0.477367 0.005000 52.634467
2.864202 -0.477367 0.005000 109.740800
3.341569 -0.477367 0.005000 259.986050
3.341569 0.000000 0.005000 264.142625
2.864202 0.000000 0.005000 110.173225
2.386835 0.000000 0.005000 54.585750
1.909468 0.000000 0.005000 33.568790
1.432101 0.000000 0.005000 26.967537
0.954734 0.000000 0.005000 21.393830
0.477367 0.000000 0.005000 22.870188
0.000000 0.000000 0.005000 24.279917
-0.477367 0.000000 0.005000 20.199607
-0.954734 0.000000 0.005000 24.483663
-1.432101 0.000000 0.005000 32.212002
-1.909468 0.000000 0.005000 34.077822
-2.386835 0.000000 0.005000 55.457422
-2.864202 0.000000 0.005000 108.076575
-3.341569 0.000000 0.005000 258.944400
-3.341569 0.477367 0.005000 270.701100
-2.864202 0.477367 0.005000 106.523975
-2.386835 0.477367 0.005000 49.815610
-1.909468 0.477367 0.005000 39.056157
-1.432101 0.477367 0.005000 29.480240
-0.954734 0.477367 0.005000 22.387545
-0.477367 0.477367 0.005000 23.728470
0.000000 0.477367 0.005000 21.713700
0.477367 0.477367 0.005000 21.915292
0.954734 0.477367 0.005000 25.320277
1.432101 0.477367 0.005000 25.689523
1.909468 0.477367 0.005000 37.400593
2.386835 0.477367 0.005000 50.967263
2.864202 0.477367 0.005000 109.553975
3.341569 0.477367 0.005000 266.892350
3.341569 0.954734 0.005000 270.653575
2.864202 0.954734 0.005000 113.152925
2.386835 0.954734 0.005000 49.212335
1.909468 0.954734 0.005000 35.032115
1.432101 0.954734 0.005000 30.984420
0.954734 0.954734 0.005000 24.791440
0.477367 0.954734 0.005000 24.666252
0.000000 0.954734 0.005000 22.563403
-0.477367 0.954734 0.005000 21.453793
-0.954734 0.954734 0.005000 26.679430
-1.432101 0.954734 0.005000 27.242123
-1.909468 0.954734 0.005000 35.273317
-2.386835 0.954734 0.005000 54.209972
-2.864202 0.954734 0.005000 106.330825
-3.341569 0.954734 0.005000 277.170100
-3.341569 1.432101 0.005000 273.461175
-2.864202 1.432101 0.005000 107.976075
-2.386835 1.432101 0.005000 57.639245
-1.909468 1.432101 0.005000 36.125235
-1.432101 1.432101 0.005000 33.211325
-0.954734 1.432101 0.005000 31.112415
-0.477367 1.432101 0.005000 25.964437
0.000000 1.432101 0.005000 27.994135
0.477367 1.432101 0.005000 27.750063
0.954734 1.432101 0.005000 28.132680
1.432101 1.432101 0.005000 32.242728
1.909468 1.432101 0.005000 44.278110
2.386835 1.432101 0.005000 57.892510
2.864202 1.432101 0.005000 113.077075
3.341569 1.432101 0.005000 270.901000
3.341569 1.909468 0.005000 279.883850
2.864202 1.909468 0.005000 122.442275
2.386835 1.909468 0.005000 63.837845
1.909468 1.909468 0.005000 45.060323
1.432101 1.909468 0.005000 39.917522
0.954734 1.909468 0.005000 37.254515
0.477367 1.909468 0.005000 39.397260
0.000000 1.909468 0.005000 33.847945
-0.477367 1.909468 0.005000 37.067257
-0.954734 1.909468 0.005000 37.857118
-1.432101 1.909468 0.005000 35.930138
-1.909468 1.909468 0.005000 48.428970
-2.386835 1.909468 0.005000 62.238868
-2.864202 1.909468 0.005000 123.335350
-3.341569 1.909468 0.005000 276.265425
-3.341569 2.386835 0.005000 290.232575
-2.864202 2.386835 0.005000 136.461300
-2.386835 2.386835 0.005000 76.469430
-1.909468 2.386835 0.005000 60.567932
-1.432101 2.386835 0.005000 58.212082
-0.954734 2.386835 0.005000 53.506502
-0.477367 2.386835 0.005000 56.530652
0.000000 2.386835 0.005000 53.175030
0.477367 2.386835 0.005000 51.411027
0.954734 2.386835 0.005000 55.468212
1.432101 2.386835 0.005000 57.452390
1.909468 2.386835 0.005000 68.227137
2.386835 2.386835 0.005000 77.827382
2.864202 2.386835 0.005000 131.631000
3.341569 2.386835 0.005000 289.042725
3.341569 2.864202 0.005000 320.784800
2.864202 2.864202 0.005000 180.578450
2.386835 2.864202 0.005000 131.761300
1.909468 2.864202 0.005000 117.748225
1.432101 2.864202 0.005000 116.150750
0.954734 2.864202 0.005000 106.889775
0.477367 2.864202 0.005000 103.263400
0.000000 2.864202 0.005000 103.324025
-0.477367 2.864202 0.005000 107.347375
-0.954734 2.864202 0.005000 114.231650
-1.432101 2.864202 0.005000 108.106825
-1.909468 2.864202 0.005000 118.906425
-2.386835 2.864202 0.005000 130.072400
-2.864202 2.864202 0.005000 190.109700
-3.341569 2.864202 0.005000 329.779675
-3.341569 3.341569 0.005000 413.496050
-2.864202 3.341569 0.005000 320.899075
-2.386835 3.341569 0.005000 289.504825
-1.909468 3.341569 0.005000 271.493825
-1.432101 3.341569 0.005000 272.074875
-0.954734 3.341569 0.005000 274.025650
-0.477367 3.341569 0.005000 266.478650
0.000000 3.341569 0.005000 273.647450
0.477367 3.341569 0.005000 267.042225
0.954734 3.341569 0.005000 274.174225
1.432101 3.341569 0.005000 275.401000
1.909468 3.341569 0.005000 276.136400
2.386835 3.341569 0.005000 283.789125
2.864202 3.341569 0.005000 333.645000
3.341569 3.341569 0.005000 419.112500
