-3.341569 -3.341569 0.005000 416.751425
-2.864202 -3.341569 0.005000 330.472825
-2.386835 -3.341569 0.005000 286.556700
-1.909468 -3.341569 0.005000 274.573225
-1.432101 -3.341569 0.005000 271.323775
-0.954734 -3.341569 0.005000 270.558675
-0.477367 -3.341569 0.005000 265.578650
0.000000 -3.341569 0.005000 258.294250
0.477367 -3.341569 0.005000 269.972400
0.954734 -3.341569 0.005000 273.488500
1.432101 -3.341569 0.005000 271.212950
1.909468 -3.341569 0.005000 281.920225
2.386835 -3.341569 0.005000 294.538150
2.864202 -3.341569 0.005000 326.616100
3.341569 -3.341569 0.005000 423.450075
3.341569 -2.864202 0.005000 327.572750
2.864202 -2.864202 0.005000 183.091450
2.386835 -2.864202 0.005000 138.092900
1.909468 -2.864202 0.005000 112.261675
1.432101 -2.864202 0.005000 129.834425
0.954734 -2.864202 0.005000 107.428725
0.477367 -2.864202 0.005000 108.825325
0.000000 -2.864202 0.005000 106.391425
-0.477367 -2.864202 0.005000 109.996675
-0.954734 -2.864202 0.005000 111.114075
-1.432101 -2.864202 0.005000 115.268475
-1.909468 -2.864202 0.005000 123.068550
-2.386835 -2.864202 0.005000 131.114900
-2.864202 -2.864202 0.005000 180.379750
-3.341569 -2.864202 0.005000 329.355375
-3.341569 -2.386835 0.005000 291.832950
-2.864202 -2.386835 0.005000 132.712525
-2.386835 -2.386835 0.005000 84.904108
-1.909468 -2.386835 0.005000 62.370668
-1.432101 -2.386835 0.005000 55.737910
-0.954734 -2.386835 0.005000 59.747885
-0.477367 -2.386835 0.005000 51.575530
0.000000 -2.386835 0.005000 53.810068
0.477367 -2.386835 0.005000 52.517177
0.954734 -2.386835 0.005000 50.306117
1.432101 -2.386835 0.005000 54.194513
1.909468 -2.386835 0.005000 64.052698
2.386835 -2.386835 0.005000 84.331520
2.864202 -2.386835 0.005000 136.315425
3.341569 -2.386835 0.005000 277.951550
3.341569 -1.909468 0.005000 271.882525
2.864202 -1.909468 0.005000 118.387725
2.386835 -1.909468 0.005000 66.419458
1.909468 -1.909468 0.005000 41.014430
1.432101 -1.909468 0.005000 36.903870
0.954734 -1.909468 0.005000 36.426743
0.477367 -1.909468 0.005000 34.340897
0.000000 -1.909468 0.005000 31.237823
-0.477367 -1.909468 0.005000 34.813320
-0.954734 -1.909468 0.005000 34.437130
-1.432101 -1.909468 0.005000 35.613250
-1.909468 -1.909468 0.005000 43.658527
-2.386835 -1.909468 0.005000 62.737700
-2.864202 -1.909468 0.005000 126.134800
-3.341569 -1.909468 0.005000 274.260675
-3.341569 -1.432101 0.005000 272.255575
-2.864202 -1.432101 0.005000 107.437600
-2.386835 -1.432101 0.005000 54.760437
-1.909468 -1.432101 0.005000 34.243873
-1.432101 -1.432101 0.005000 30.099818
-0.954734 -1.432101 0.005000 27.526985
-0.477367 -1.432101 0.005000 28.504190
0.000000 -1.432101 0.005000 26.319987
0.477367 -1.432101 0.005000 29.153620
0.954734 -1.432101 0.005000 28.610240
1.432101 -1.432101 0.005000 30.729035
1.909468 -1.432101 0.005000 39.217492
2.386835 -1.432101 0.005000 52.050753
2.864202 -1.432101 0.005000 116.959850
3.341569 -1.432101 0.005000 266.370525
3.341569 -0.954734 0.005000 269.230675
2.864202 -0.954734 0.005000 101.808650
2.386835 -0.954734 0.005000 58.434255
1.909468 -0.954734 0.005000 33.915818
1.432101 -0.954734 0.005000 26.278188
0.954734 -0.954734 0.005000 25.464492
0.477367 -0.954734 0.005000 24.346115
0.000000 -0.954734 0.005000 26.098077
-0.477367 -0.954734 0.005000 22.141795
-0.954734 -0.954734 0.005000 23.909223
-1.432101 -0.954734 0.005000 29.212792
-1.909468 -0.954734 0.005000 41.138620
-2.386835 -0.954734 0.005000 52.019985
-2.864202 -0.954734 0.005000 110.280000
-3.341569 -0.954734 0.005000 267.074775
-3.341569 -0.477367 0.005000 265.502400
-2.864202 -0.477367 0.005000 110.662300
-2.386835 -0.477367 0.005000 51.948070
-1.909468 -0.477367 0.005000 31.773500
-1.432101 -0.477367 0.005000 26.179378
-0.954734 -0.477367 0.005000 25.866658
-0.477367 -0.477367 0.005000 24.742248
0.000000 -0.477367 0.005000 21.607662
0.477367 -0.477367 0.005000 23.124680
0.954734 -0.477367 0.005000 22.982420
1.432101 -0.477367 0.005000 24.454507
1.909468 -0.477367 0.005000 31.881790
2.386835 -0.477367 0.005000 52.322308
2.864202 -0.477367 0.005000 108.396575
3.341569 -0.477367 0.005000 270.172125
3.341569 0.000000 0.005000 259.109025
2.864202 0.000000 0.005000 109.791275
2.386835 0.000000 0.005000 47.908673
1.909468 0.000000 0.005000 32.092852
1.432101 0.000000 0.005000 25.464300
0.954734 0.000000 0.005000 25.506455
0.477367 0.000000 0.005000 23.467837
0.000000 0.000000 0.005000 22.035645
-0.477367 0.000000 0.005000 21.662075
-0.954734 0.000000 0.005000 25.863860
-1.432101 0.000000 0.005000 26.976292
-1.909468 0.000000 0.005000 35.065365
-2.386835 0.000000 0.005000 50.086450
-2.864202 0.000000 0.005000 107.364400
-3.341569 0.000000 0.005000 260.711200
-3.341569 0.477367 0.005000 270.070000
-2.864202 0.477367 0.005000 106.389725
-2.386835 0.477367 0.005000 50.056337
-1.909468 0.477367 0.005000 30.968590
-1.432101 0.477367 0.005000 26.701657
-0.954734 0.477367 0.005000 26.350977
-0.477367 0.477367 0.005000 21.143295
0.000000 0.477367 0.005000 22.883772
0.477367 0.477367 0.005000 26.177673
0.954734 0.477367 0.005000 23.164708
1.432101 0.477367 0.005000 25.636350
1.909468 0.477367 0.005000 33.078375
2.386835 0.477367 0.005000 49.769665
2.864202 0.477367 0.005000 107.569350
3.341569 0.477367 0.005000 262.199775
3.341569 0.954734 0.005000 271.441325
2.864202 0.954734 0.005000 111.898925
2.386835 0.954734 0.005000 49.460572
1.909468 0.954734 0.005000 34.482943
1.432101 0.954734 0.005000 28.704812
0.954734 0.954734 0.005000 25.387445
0.477367 0.954734 0.005000 23.136903
0.000000 0.954734 0.005000 22.284405
-0.477367 0.954734 0.005000 22.905870
-0.954734 0.954734 0.005000 27.209253
-1.432101 0.954734 0.005000 28.504148
-1.909468 0.954734 0.005000 37.113992
-2.386835 0.954734 0.005000 53.206770
-2.864202 0.954734 0.005000 116.905975
-3.341569 0.954734 0.005000 274.112100
-3.341569 1.432101 0.005000 271.730875
-2.864202 1.432101 0.005000 112.696800
-2.386835 1.432101 0.005000 51.698530
-1.909468 1.432101 0.005000 35.790597
-1.432101 1.432101 0.005000 30.109925
-0.954734 1.432101 0.005000 27.163895
-0.477367 1.432101 0.005000 25.482095
0.000000 1.432101 0.005000 25.377235
0.477367 1.432101 0.005000 25.600088
0.954734 1.432101 0.005000 27.715910
1.432101 1.432101 0.005000 29.703228
1.909468 1.432101 0.005000 36.615392
2.386835 1.432101 0.005000 59.001008
2.864202 1.432101 0.005000 109.932075
3.341569 1.432101 0.005000 267.359475
3.341569 1.909468 0.005000 273.638950
2.864202 1.909468 0.005000 114.798475
2.386835 1.909468 0.005000 63.417180
1.909468 1.909468 0.005000 42.477470
1.432101 1.909468 0.005000 37.886517
0.954734 1.909468 0.005000 31.818875
0.477367 1.909468 0.005000 29.628142
0.000000 1.909468 0.005000 34.515205
-0.477367 1.909468 0.005000 33.172072
-0.954734 1.909468 0.005000 32.609980
-1.432101 1.909468 0.005000 35.816200
-1.909468 1.909468 0.005000 40.635730
-2.386835 1.909468 0.005000 63.188198
-2.864202 1.909468 0.005000 113.429075
-3.341569 1.909468 0.005000 276.239800
-3.341569 2.386835 0.005000 287.484000
-2.864202 2.386835 0.005000 129.997075
-2.386835 2.386835 0.005000 77.984025
-1.909468 2.386835 0.005000 65.246190
-1.432101 2.386835 0.005000 58.223478
-0.954734 2.386835 0.005000 53.489943
-0.477367 2.386835 0.005000 56.885008
0.000000 2.386835 0.005000 51.104710
0.477367 2.386835 0.005000 47.533288
0.954734 2.386835 0.005000 50.444738
1.432101 2.386835 0.005000 59.110740
1.909468 2.386835 0.005000 61.905462
2.386835 2.386835 0.005000 82.688783
2.864202 2.386835 0.005000 139.221975
3.341569 2.386835 0.005000 286.863275
3.341569 2.864202 0.005000 323.699275
2.864202 2.864202 0.005000 187.377050
2.386835 2.864202 0.005000 133.662400
1.909468 2.864202 0.005000 118.734200
1.432101 2.864202 0.005000 112.763700
0.954734 2.864202 0.005000 106.788175
0.477367 2.864202 0.005000 104.590675
0.000000 2.864202 0.005000 110.667750
-0.477367 2.864202 0.005000 109.775225
-0.954734 2.864202 0.005000 107.894750
-1.432101 2.864202 0.005000 112.487125
-1.909468 2.864202 0.005000 122.663100
-2.386835 2.864202 0.005000 135.104000
-2.864202 2.864202 0.005000 171.365325
-3.341569 2.864202 0.005000 332.383100
-3.341569 3.341569 0.005000 421.110100
-2.864202 3.341569 0.005000 336.933575
-2.386835 3.341569 0.005000 282.409325
-1.909468 3.341569 0.005000 279.546300
-1.432101 3.341569 0.005000 262.482175
-0.954734 3.341569 0.005000 267.053100
-0.477367 3.341569 0.005000 272.265525
0.000000 3.341569 0.005000 267.436075
0.477367 3.341569 0.005000 270.091525
0.954734 3.341569 0.005000 263.563750
1.432101 3.341569 0.005000 271.718900
1.909468 3.341569 0.005000 273.203275
2.386835 3.341569 0.005000 282.389450
2.864202 3.341569 0.005000 321.863400
3.341569 3.341569 0.005000 423.169275
