-3.652600 -1.823800 0.005000 7.047709
-3.130800 -1.823800 0.005000 7.875067
-2.609000 -1.823800 0.005000 7.484993
-2.087200 -1.823800 0.005000 7.355307
-1.565400 -1.823800 0.005000 7.244661
-1.043600 -1.823800 0.005000 7.210469
-0.521800 -1.823800 0.005000 7.173375
0.000000 -1.823800 0.005000 7.089005
0.521800 -1.823800 0.005000 7.096769
1.043600 -1.823800 0.005000 7.133040
1.565400 -1.823800 0.005000 7.311420
2.087200 -1.823800 0.005000 7.361480
2.609000 -1.823800 0.005000 7.570221
3.130800 -1.823800 0.005000 7.924722
3.652600 -1.823800 0.005000 7.091752
3.652600 -1.563257 0.005000 7.180100
3.130800 -1.563257 0.005000 8.196739
2.609000 -1.563257 0.005000 7.837058
2.087200 -1.563257 0.005000 7.736624
1.565400 -1.563257 0.005000 7.567308
1.043600 -1.563257 0.005000 7.449156
0.521800 -1.563257 0.005000 7.412191
0.000000 -1.563257 0.005000 7.346295
-0.521800 -1.563257 0.005000 7.405237
-1.043600 -1.563257 0.005000 7.474077
-1.565400 -1.563257 0.005000 7.556898
-2.087200 -1.563257 0.005000 7.698180
-2.609000 -1.563257 0.005000 7.842223
-3.130800 -1.563257 0.005000 8.157945
-3.652600 -1.563257 0.005000 7.199733
-3.652600 -1.302714 0.005000 3.713123
-3.130800 -1.302714 0.005000 4.124215
-2.609000 -1.302714 0.005000 4.035580
-2.087200 -1.302714 0.005000 4.066257
-1.565400 -1.302714 0.005000 3.933730
-1.043600 -1.302714 0.005000 3.895980
-0.521800 -1.302714 0.005000 3.929199
0.000000 -1.302714 0.005000 3.878507
0.521800 -1.302714 0.005000 3.925085
1.043600 -1.302714 0.005000 3.978845
1.565400 -1.302714 0.005000 3.892025
2.087200 -1.302714 0.005000 3.995836
2.609000 -1.302714 0.005000 4.054152
3.130800 -1.302714 0.005000 4.064385
3.652600 -1.302714 0.005000 3.706015
3.652600 -1.042171 0.005000 1.834284
3.130800 -1.042171 0.005000 2.000447
2.609000 -1.042171 0.005000 2.005682
2.087200 -1.042171 0.005000 1.961950
1.565400 -1.042171 0.005000 1.924200
1.043600 -1.042171 0.005000 1.975260
0.521800 -1.042171 0.005000 1.982980
0.000000 -1.042171 0.005000 1.929800
-0.521800 -1.042171 0.005000 1.987755
-1.043600 -1.042171 0.005000 1.929076
-1.565400 -1.042171 0.005000 1.888560
-2.087200 -1.042171 0.005000 1.988504
-2.609000 -1.042171 0.005000 1.993071
-3.130800 -1.042171 0.005000 2.014326
-3.652600 -1.042171 0.005000 1.848775
-3.652600 -0.781629 0.005000 1.104703
-3.130800 -0.781629 0.005000 1.232211
-2.609000 -0.781629 0.005000 1.271896
-2.087200 -0.781629 0.005000 1.263762
-1.565400 -0.781629 0.005000 1.194086
-1.043600 -0.781629 0.005000 1.224344
-0.521800 -0.781629 0.005000 1.285846
0.000000 -0.781629 0.005000 1.237728
0.521800 -0.781629 0.005000 1.277443
1.043600 -0.781629 0.005000 1.251946
1.565400 -0.781629 0.005000 1.219013
2.087200 -0.781629 0.005000 1.262942
2.609000 -0.781629 0.005000 1.303063
3.130800 -0.781629 0.005000 1.276123
3.652600 -0.781629 0.005000 1.081448
3.652600 -0.521086 0.005000 0.837392
3.130800 -0.521086 0.005000 0.824838
2.609000 -0.521086 0.005000 0.838278
2.087200 -0.521086 0.005000 0.802919
1.565400 -0.521086 0.005000 0.779683
1.043600 -0.521086 0.005000 0.781858
0.521800 -0.521086 0.005000 0.779171
0.000000 -0.521086 0.005000 0.817513
-0.521800 -0.521086 0.005000 0.786066
-1.043600 -0.521086 0.005000 0.780206
-1.565400 -0.521086 0.005000 0.802753
-2.087200 -0.521086 0.005000 0.787094
-2.609000 -0.521086 0.005000 0.789878
-3.130800 -0.521086 0.005000 0.772716
-3.652600 -0.521086 0.005000 0.820131
-3.652600 -0.260543 0.005000 0.687302
-3.130800 -0.260543 0.005000 0.653492
-2.609000 -0.260543 0.005000 0.678500
-2.087200 -0.260543 0.005000 0.674327
-1.565400 -0.260543 0.005000 0.691125
-1.043600 -0.260543 0.005000 0.668937
-0.521800 -0.260543 0.005000 0.676998
0.000000 -0.260543 0.005000 0.708362
0.521800 -0.260543 0.005000 0.666910
1.043600 -0.260543 0.005000 0.667822
1.565400 -0.260543 0.005000 0.663187
2.087200 -0.260543 0.005000 0.691626
2.609000 -0.260543 0.005000 0.723980
3.130800 -0.260543 0.005000 0.703855
3.652600 -0.260543 0.005000 0.688162
3.652600 0.000000 0.005000 0.632842
3.130800 0.000000 0.005000 0.601622
2.609000 0.000000 0.005000 0.586012
2.087200 0.000000 0.005000 0.668624
1.565400 0.000000 0.005000 0.636659
1.043600 0.000000 0.005000 0.632912
0.521800 0.000000 0.005000 0.596899
0.000000 0.000000 0.005000 0.602359
-0.521800 0.000000 0.005000 0.624985
-1.043600 0.000000 0.005000 0.589766
-1.565400 0.000000 0.005000 0.603085
-2.087200 0.000000 0.005000 0.635031
-2.609000 0.000000 0.005000 0.603655
-3.130800 0.000000 0.005000 0.600807
-3.652600 0.000000 0.005000 0.624409
-3.652600 0.260543 0.005000 0.703480
-3.130800 0.260543 0.005000 0.627537
-2.609000 0.260543 0.005000 0.630730
-2.087200 0.260543 0.005000 0.665365
-1.565400 0.260543 0.005000 0.634450
-1.043600 0.260543 0.005000 0.622168
-0.521800 0.260543 0.005000 0.654018
0.000000 0.260543 0.005000 0.632518
0.521800 0.260543 0.005000 0.626328
1.043600 0.260543 0.005000 0.660569
1.565400 0.260543 0.005000 0.663528
2.087200 0.260543 0.005000 0.696351
2.609000 0.260543 0.005000 0.610309
3.130800 0.260543 0.005000 0.624693
3.652600 0.260543 0.005000 0.715515
3.652600 0.521086 0.005000 0.824912
3.130800 0.521086 0.005000 0.788583
2.609000 0.521086 0.005000 0.820671
2.087200 0.521086 0.005000 0.767495
1.565400 0.521086 0.005000 0.838182
1.043600 0.521086 0.005000 0.774701
0.521800 0.521086 0.005000 0.769398
0.000000 0.521086 0.005000 0.807902
-0.521800 0.521086 0.005000 0.795693
-1.043600 0.521086 0.005000 0.754149
-1.565400 0.521086 0.005000 0.826111
-2.087200 0.521086 0.005000 0.818074
-2.609000 0.521086 0.005000 0.819403
-3.130800 0.521086 0.005000 0.820012
-3.652600 0.521086 0.005000 0.796739
-3.652600 0.781629 0.005000 1.112597
-3.130800 0.781629 0.005000 1.068739
-2.609000 0.781629 0.005000 1.081686
-2.087200 0.781629 0.005000 1.089160
-1.565400 0.781629 0.005000 1.100059
-1.043600 0.781629 0.005000 1.020111
-0.521800 0.781629 0.005000 1.064382
0.000000 0.781629 0.005000 1.082277
0.521800 0.781629 0.005000 1.036996
1.043600 0.781629 0.005000 1.045298
1.565400 0.781629 0.005000 1.105451
2.087200 0.781629 0.005000 1.033051
2.609000 0.781629 0.005000 1.085255
3.130800 0.781629 0.005000 1.045685
3.652600 0.781629 0.005000 1.138853
3.652600 1.042171 0.005000 1.896156
3.130800 1.042171 0.005000 1.968951
2.609000 1.042171 0.005000 1.987350
2.087200 1.042171 0.005000 1.979852
1.565400 1.042171 0.005000 1.931379
1.043600 1.042171 0.005000 1.922156
0.521800 1.042171 0.005000 1.930248
0.000000 1.042171 0.005000 1.964283
-0.521800 1.042171 0.005000 1.876373
-1.043600 1.042171 0.005000 1.977618
-1.565400 1.042171 0.005000 1.931370
-2.087200 1.042171 0.005000 1.932134
-2.609000 1.042171 0.005000 1.886350
-3.130800 1.042171 0.005000 1.953211
-3.652600 1.042171 0.005000 1.797446
-3.652600 1.302714 0.005000 3.631865
-3.130800 1.302714 0.005000 3.803083
-2.609000 1.302714 0.005000 3.681862
-2.087200 1.302714 0.005000 3.704149
-1.565400 1.302714 0.005000 3.716081
-1.043600 1.302714 0.005000 3.742679
-0.521800 1.302714 0.005000 3.644538
0.000000 1.302714 0.005000 3.712915
0.521800 1.302714 0.005000 3.676320
1.043600 1.302714 0.005000 3.678953
1.565400 1.302714 0.005000 3.704743
2.087200 1.302714 0.005000 3.757556
2.609000 1.302714 0.005000 3.773785
3.130800 1.302714 0.005000 3.771215
3.652600 1.302714 0.005000 3.805050
3.652600 1.563257 0.005000 7.279775
3.130800 1.563257 0.005000 8.072555
2.609000 1.563257 0.005000 7.877562
2.087200 1.563257 0.005000 7.753634
1.565400 1.563257 0.005000 7.564129
1.043600 1.563257 0.005000 7.527325
0.521800 1.563257 0.005000 7.422636
0.000000 1.563257 0.005000 7.417017
-0.521800 1.563257 0.005000 7.472997
-1.043600 1.563257 0.005000 7.511578
-1.565400 1.563257 0.005000 7.627670
-2.087200 1.563257 0.005000 7.721775
-2.609000 1.563257 0.005000 7.954472
-3.130800 1.563257 0.005000 8.115206
-3.652600 1.563257 0.005000 7.175324
-3.652600 1.823800 0.005000 7.155989
-3.130800 1.823800 0.005000 7.931194
-2.609000 1.823800 0.005000 7.667136
-2.087200 1.823800 0.005000 7.541696
-1.565400 1.823800 0.005000 7.383857
-1.043600 1.823800 0.005000 7.228315
-0.521800 1.823800 0.005000 7.139064
0.000000 1.823800 0.005000 7.174718
0.521800 1.823800 0.005000 7.158545
1.043600 1.823800 0.005000 7.204746
1.565400 1.823800 0.005000 7.341932
2.087200 1.823800 0.005000 7.462074
2.609000 1.823800 0.005000 7.630132
3.130800 1.823800 0.005000 7.940514
3.652600 1.823800 0.005000 7.190944
