-3.341569 -3.341569 0.005000 413.374800
-2.864202 -3.341569 0.005000 320.237775
-2.386835 -3.341569 0.005000 283.606850
-1.909468 -3.341569 0.005000 269.791750
-1.432101 -3.341569 0.005000 266.004050
-0.954734 -3.341569 0.005000 266.545575
-0.477367 -3.341569 0.005000 263.091500
0.000000 -3.341569 0.005000 268.305575
0.477367 -3.341569 0.005000 265.082300
0.954734 -3.341569 0.005000 261.400275
1.432101 -3.341569 0.005000 266.555900
1.909468 -3.341569 0.005000 278.074825
2.386835 -3.341569 0.005000 286.593475
2.864202 -3.341569 0.005000 325.383300
3.341569 -3.341569 0.005000 425.984050
3.341569 -2.864202 0.005000 331.281125
2.864202 -2.864202 0.005000 174.955000
2.386835 -2.864202 0.005000 127.884825
1.909468 -2.864202 0.005000 113.277025
1.432101 -2.864202 0.005000 116.057425
0.954734 -2.864202 0.005000 113.325350
0.477367 -2.864202 0.005000 115.083750
0.000000 -2.864202 0.005000 105.584975
-0.477367 -2.864202 0.005000 109.982975
-0.954734 -2.864202 0.005000 107.212075
-1.432101 -2.864202 0.005000 109.777375
-1.909468 -2.864202 0.005000 115.802725
-2.386835 -2.864202 0.005000 137.494650
-2.864202 -2.864202 0.005000 183.297250
-3.341569 -2.864202 0.005000 330.711375
-3.341569 -2.386835 0.005000 282.910775
-2.864202 -2.386835 0.005000 128.026200
-2.386835 -2.386835 0.005000 82.942995
-1.909468 -2.386835 0.005000 57.944895
-1.432101 -2.386835 0.005000 56.023403
-0.954734 -2.386835 0.005000 55.433570
-0.477367 -2.386835 0.005000 53.933245
0.000000 -2.386835 0.005000 52.211987
0.477367 -2.386835 0.005000 51.660075
0.954734 -2.386835 0.005000 55.986110
1.432101 -2.386835 0.005000 53.950770
1.909468 -2.386835 0.005000 64.651645
2.386835 -2.386835 0.005000 79.506082
2.864202 -2.386835 0.005000 132.823375
3.341569 -2.386835 0.005000 290.510500
3.341569 -1.909468 0.005000 275.618300
2.864202 -1.909468 0.005000 124.120200
2.386835 -1.909468 0.005000 63.208683
1.909468 -1.909468 0.005000 46.124360
1.432101 -1.909468 0.005000 39.828097
0.954734 -1.909468 0.005000 32.682875
0.477367 -1.909468 0.005000 33.552447
0.000000 -1.909468 0.005000 34.906145
-0.477367 -1.909468 0.005000 32.018115
-0.954734 -1.909468 0.005000 33.741300
-1.432101 -1.909468 0.005000 35.172810
-1.909468 -1.909468 0.005000 45.294438
-2.386835 -1.909468 0.005000 68.265840
-2.864202 -1.909468 0.005000 117.002125
-3.341569 -1.909468 0.005000 283.703450
-3.341569 -1.432101 0.005000 279.225450
-2.864202 -1.432101 0.005000 112.606525
-2.386835 -1.432101 0.005000 58.103137
-1.909468 -1.432101 0.005000 43.299175
-1.432101 -1.432101 0.005000 29.041947
-0.954734 -1.432101 0.005000 28.513513
-0.477367 -1.432101 0.005000 24.010392
0.000000 -1.432101 0.005000 27.273613
0.477367 -1.432101 0.005000 28.452627
0.954734 -1.432101 0.005000 23.441535
1.432101 -1.432101 0.005000 32.601178
1.909468 -1.432101 0.005000 41.314148
2.386835 -1.432101 0.005000 57.184035
2.864202 -1.432101 0.005000 116.849300
3.341569 -1.432101 0.005000 264.908125
3.341569 -0.954734 0.005000 267.503275
2.864202 -0.954734 0.005000 109.073250
2.386835 -0.954734 0.005000 53.467508
1.909468 -0.954734 0.005000 37.141272
1.432101 -0.954734 0.005000 28.763140
0.954734 -0.954734 0.005000 21.533302
0.477367 -0.954734 0.005000 22.585045
0.000000 -0.954734 0.005000 21.329207
-0.477367 -0.954734 0.005000 22.596908
-0.954734 -0.954734 0.005000 22.749903
-1.432101 -0.954734 0.005000 26.596465
-1.909468 -0.954734 0.005000 33.101715
-2.386835 -0.954734 0.005000 56.252960
-2.864202 -0.954734 0.005000 111.503850
-3.341569 -0.954734 0.005000 269.328125
-3.341569 -0.477367 0.005000 266.859500
-2.864202 -0.477367 0.005000 112.178025
-2.386835 -0.477367 0.005000 53.946848
-1.909468 -0.477367 0.005000 33.594315
-1.432101 -0.477367 0.005000 25.952783
-0.954734 -0.477367 0.005000 24.447858
-0.477367 -0.477367 0.005000 25.199807
0.000000 -0.477367 0.005000 19.828815
0.477367 -0.477367 0.005000 19.580430
0.954734 -0.477367 0.005000 22.389870
1.432101 -0.477367 0.005000 22.667632
1.909468 -0.477367 0.005000 37.076068
2.386835 -0.477367 0.005000 54.458120
2.864202 -0.477367 0.005000 114.697350
3.341569 -0.477367 0.005000 264.800925
3.341569 0.000000 0.005000 266.832725
2.864202 0.000000 0.005000 111.393825
2.386835 0.000000 0.005000 55.686150
1.909468 0.000000 0.005000 33.743443
1.432101 0.000000 0.005000 24.522683
0.954734 0.000000 0.005000 23.945993
0.477367 0.000000 0.005000 22.042917
0.000000 0.000000 0.005000 19.466857
-0.477367 0.000000 0.005000 20.407377
-0.954734 0.000000 0.005000 19.454788
-1.432101 0.000000 0.005000 23.557507
-1.909468 0.000000 0.005000 38.064902
-2.386835 0.000000 0.005000 56.107307
-2.864202 0.000000 0.005000 105.813700
-3.341569 0.000000 0.005000 276.072250
-3.341569 0.477367 0.005000 268.510700
-2.864202 0.477367 0.005000 105.633925
-2.386835 0.477367 0.005000 52.917072
-1.909468 0.477367 0.005000 36.432150
-1.432101 0.477367 0.005000 24.177177
-0.954734 0.477367 0.005000 24.577072
-0.477367 0.477367 0.005000 20.141180
0.000000 0.477367 0.005000 20.584915
0.477367 0.477367 0.005000 20.606030
0.954734 0.477367 0.005000 24.795072
1.432101 0.477367 0.005000 23.735975
1.909468 0.477367 0.005000 29.769548
2.386835 0.477367 0.005000 53.447530
2.864202 0.477367 0.005000 116.078200
3.341569 0.477367 0.005000 271.730475
3.341569 0.954734 0.005000 264.710700
2.864202 0.954734 0.005000 106.101675
2.386835 0.954734 0.005000 57.009007
1.909468 0.954734 0.005000 36.368460
1.432101 0.954734 0.005000 26.739320
0.954734 0.954734 0.005000 23.922485
0.477367 0.954734 0.005000 24.638065
0.000000 0.954734 0.005000 20.526808
-0.477367 0.954734 0.005000 23.433135
-0.954734 0.954734 0.005000 28.798368
-1.432101 0.954734 0.005000 28.289850
-1.909468 0.954734 0.005000 35.215232
-2.386835 0.954734 0.005000 57.981040
-2.864202 0.954734 0.005000 104.032125
-3.341569 0.954734 0.005000 264.311925
-3.341569 1.432101 0.005000 269.228775
-2.864202 1.432101 0.005000 115.007000
-2.386835 1.432101 0.005000 63.714975
-1.909468 1.432101 0.005000 36.151420
-1.432101 1.432101 0.005000 27.919438
-0.954734 1.432101 0.005000 27.678850
-0.477367 1.432101 0.005000 25.572115
0.000000 1.432101 0.005000 22.897385
0.477367 1.432101 0.005000 25.751593
0.954734 1.432101 0.005000 29.182942
1.432101 1.432101 0.005000 33.278015
1.909468 1.432101 0.005000 38.454975
2.386835 1.432101 0.005000 58.394343
2.864202 1.432101 0.005000 109.491525
3.341569 1.432101 0.005000 265.496350
3.341569 1.909468 0.005000 267.002425
2.864202 1.909468 0.005000 127.517600
2.386835 1.909468 0.005000 67.787168
1.909468 1.909468 0.005000 47.107948
1.432101 1.909468 0.005000 38.699500
0.954734 1.909468 0.005000 35.893185
0.477367 1.909468 0.005000 35.816883
0.000000 1.909468 0.005000 37.281260
-0.477367 1.909468 0.005000 31.524452
-0.954734 1.909468 0.005000 34.267248
-1.432101 1.909468 0.005000 42.952168
-1.909468 1.909468 0.005000 40.174808
-2.386835 1.909468 0.005000 63.263932
-2.864202 1.909468 0.005000 117.969250
-3.341569 1.909468 0.005000 267.689125
-3.341569 2.386835 0.005000 285.744375
-2.864202 2.386835 0.005000 149.422750
-2.386835 2.386835 0.005000 90.142180
-1.909468 2.386835 0.005000 65.852070
-1.432101 2.386835 0.005000 63.222815
-0.954734 2.386835 0.005000 53.309683
-0.477367 2.386835 0.005000 53.786458
0.000000 2.386835 0.005000 55.300563
0.477367 2.386835 0.005000 56.516963
0.954734 2.386835 0.005000 54.956653
1.432101 2.386835 0.005000 63.463847
1.909468 2.386835 0.005000 61.916373
2.386835 2.386835 0.005000 81.230315
2.864202 2.386835 0.005000 146.765925
3.341569 2.386835 0.005000 279.891025
3.341569 2.864202 0.005000 322.489900
2.864202 2.864202 0.005000 177.189725
2.386835 2.864202 0.005000 129.614800
1.909468 2.864202 0.005000 114.321000
1.432101 2.864202 0.005000 113.339950
0.954734 2.864202 0.005000 109.262075
0.477367 2.864202 0.005000 115.051200
0.000000 2.864202 0.005000 117.338250
-0.477367 2.864202 0.005000 107.326350
-0.954734 2.864202 0.005000 107.396175
-1.432101 2.864202 0.005000 108.740050
-1.909468 2.864202 0.005000 122.925400
-2.386835 2.864202 0.005000 127.497500
-2.864202 2.864202 0.005000 180.344375
-3.341569 2.864202 0.005000 325.786525
-3.341569 3.341569 0.005000 422.441175
-2.864202 3.341569 0.005000 331.377475
-2.386835 3.341569 0.005000 297.340000
-1.909468 3.341569 0.005000 280.639900
-1.432101 3.341569 0.005000 268.492550
-0.954734 3.341569 0.005000 269.009850
-0.477367 3.341569 0.005000 262.203525
0.000000 3.341569 0.005000 266.908700
0.477367 3.341569 0.005000 271.468400
0.954734 3.341569 0.005000 269.521500
1.432101 3.341569 0.005000 273.933650
1.909468 3.341569 0.005000 271.887625
2.386835 3.341569 0.005000 294.145000
2.864202 3.341569 0.005000 325.436475
3.341569 3.341569 0.005000 419.820200
