-3.341569 -3.341569 0.005000 421.389925
-2.864202 -3.341569 0.005000 324.952050
-2.386835 -3.341569 0.005000 294.011025
-1.909468 -3.341569 0.005000 272.045200
-1.432101 -3.341569 0.005000 266.879300
-0.954734 -3.341569 0.005000 271.542350
-0.477367 -3.341569 0.005000 266.850975
0.000000 -3.341569 0.005000 271.792450
0.477367 -3.341569 0.005000 264.771925
0.954734 -3.341569 0.005000 271.175275
1.432101 -3.341569 0.005000 271.385725
1.909468 -3.341569 0.005000 278.382200
2.386835 -3.341569 0.005000 284.724475
2.864202 -3.341569 0.005000 330.148550
3.341569 -3.341569 0.005000 413.613025
3.341569 -2.864202 0.005000 327.100625
2.864202 -2.864202 0.005000 180.895975
2.386835 -2.864202 0.005000 142.567175
1.909468 -2.864202 0.005000 118.596125
1.432101 -2.864202 0.005000 114.290700
0.954734 -2.864202 0.005000 115.242200
0.477367 -2.864202 0.005000 105.271950
0.000000 -2.864202 0.005000 110.165075
-0.477367 -2.864202 0.005000 105.212475
-0.954734 -2.864202 0.005000 100.860510
-1.432101 -2.864202 0.005000 111.070250
-1.909468 -2.864202 0.005000 119.251050
-2.386835 -2.864202 0.005000 141.720000
-2.864202 -2.864202 0.005000 190.215625
-3.341569 -2.864202 0.005000 325.254450
-3.341569 -2.386835 0.005000 290.233975
-2.864202 -2.386835 0.005000 139.731000
-2.386835 -2.386835 0.005000 81.571605
-1.909468 -2.386835 0.005000 58.345120
-1.432101 -2.386835 0.005000 56.327813
-0.954734 -2.386835 0.005000 57.341070
-0.477367 -2.386835 0.005000 54.295488
0.000000 -2.386835 0.005000 45.073835
0.477367 -2.386835 0.005000 54.450025
0.954734 -2.386835 0.005000 53.138740
1.432101 -2.386835 0.005000 54.682695
1.909468 -2.386835 0.005000 67.256728
2.386835 -2.386835 0.005000 77.854270
2.864202 -2.386835 0.005000 134.415750
3.341569 -2.386835 0.005000 289.632225
3.341569 -1.909468 0.005000 268.673125
2.864202 -1.909468 0.005000 120.349100
2.386835 -1.909468 0.005000 59.090730
1.909468 -1.909468 0.005000 42.123173
1.432101 -1.909468 0.005000 36.502482
0.954734 -1.909468 0.005000 32.292115
0.477367 -1.909468 0.005000 36.624147
0.000000 -1.909468 0.005000 32.104315
-0.477367 -1.909468 0.005000 33.733565
-0.954734 -1.909468 0.005000 31.231420
-1.432101 -1.909468 0.005000 37.651725
-1.909468 -1.909468 0.005000 46.836195
-2.386835 -1.909468 0.005000 75.251340
-2.864202 -1.909468 0.005000 116.110300
-3.341569 -1.909468 0.005000 280.903500
-3.341569 -1.432101 0.005000 269.425000
-2.864202 -1.432101 0.005000 121.843375
-2.386835 -1.432101 0.005000 56.381990
-1.909468 -1.432101 0.005000 36.256140
-1.432101 -1.432101 0.005000 29.174975
-0.954734 -1.432101 0.005000 25.067708
-0.477367 -1.432101 0.005000 26.082730
0.000000 -1.432101 0.005000 24.231488
0.477367 -1.432101 0.005000 23.757430
0.954734 -1.432101 0.005000 26.246115
1.432101 -1.432101 0.005000 28.482057
1.909468 -1.432101 0.005000 35.026540
2.386835 -1.432101 0.005000 53.944570
2.864202 -1.432101 0.005000 107.605425
3.341569 -1.432101 0.005000 270.273175
3.341569 -0.954734 0.005000 269.840800
2.864202 -0.954734 0.005000 103.925250
2.386835 -0.954734 0.005000 54.443372
1.909468 -0.954734 0.005000 33.777632
1.432101 -0.954734 0.005000 27.738205
0.954734 -0.954734 0.005000 22.503310
0.477367 -0.954734 0.005000 20.736503
0.000000 -0.954734 0.005000 20.534343
-0.477367 -0.954734 0.005000 21.436155
-0.954734 -0.954734 0.005000 22.063480
-1.432101 -0.954734 0.005000 24.806925
-1.909468 -0.954734 0.005000 36.441630
-2.386835 -0.954734 0.005000 60.903932
-2.864202 -0.954734 0.005000 107.274950
-3.341569 -0.954734 0.005000 262.372925
-3.341569 -0.477367 0.005000 266.457275
-2.864202 -0.477367 0.005000 105.590175
-2.386835 -0.477367 0.005000 52.247405
-1.909468 -0.477367 0.005000 34.129043
-1.432101 -0.477367 0.005000 21.998042
-0.954734 -0.477367 0.005000 19.979972
-0.477367 -0.477367 0.005000 18.763452
0.000000 -0.477367 0.005000 19.798545
0.477367 -0.477367 0.005000 18.939413
0.954734 -0.477367 0.005000 23.490232
1.432101 -0.477367 0.005000 25.659398
1.909468 -0.477367 0.005000 34.027073
2.386835 -0.477367 0.005000 47.245207
2.864202 -0.477367 0.005000 109.861850
3.341569 -0.477367 0.005000 267.337525
3.341569 0.000000 0.005000 267.009850
2.864202 0.000000 0.005000 109.907375
2.386835 0.000000 0.005000 49.448990
1.909468 0.000000 0.005000 30.997645
1.432101 0.000000 0.005000 27.540550
0.954734 0.000000 0.005000 20.052733
0.477367 0.000000 0.005000 18.533853
0.000000 0.000000 0.005000 18.583640
-0.477367 0.000000 0.005000 20.268170
-0.954734 0.000000 0.005000 23.663035
-1.432101 0.000000 0.005000 24.847822
-1.909468 0.000000 0.005000 31.405523
-2.386835 0.000000 0.005000 48.967222
-2.864202 0.000000 0.005000 112.807900
-3.341569 0.000000 0.005000 261.317825
-3.341569 0.477367 0.005000 269.495275
-2.864202 0.477367 0.005000 107.480200
-2.386835 0.477367 0.005000 49.579760
-1.909468 0.477367 0.005000 29.767590
-1.432101 0.477367 0.005000 24.288327
-0.954734 0.477367 0.005000 21.915627
-0.477367 0.477367 0.005000 19.262252
0.000000 0.477367 0.005000 24.224085
0.477367 0.477367 0.005000 22.150000
0.954734 0.477367 0.005000 21.552662
1.432101 0.477367 0.005000 24.944102
1.909468 0.477367 0.005000 33.394255
2.386835 0.477367 0.005000 50.222385
2.864202 0.477367 0.005000 107.090575
3.341569 0.477367 0.005000 270.077150
3.341569 0.954734 0.005000 273.308375
2.864202 0.954734 0.005000 112.896900
2.386835 0.954734 0.005000 54.507557
1.909468 0.954734 0.005000 33.945808
1.432101 0.954734 0.005000 26.308823
0.954734 0.954734 0.005000 21.615425
0.477367 0.954734 0.005000 20.121517
0.000000 0.954734 0.005000 24.929878
-0.477367 0.954734 0.005000 21.658170
-0.954734 0.954734 0.005000 22.112430
-1.432101 0.954734 0.005000 25.573093
-1.909468 0.954734 0.005000 32.629892
-2.386835 0.954734 0.005000 48.421470
-2.864202 0.954734 0.005000 103.248425
-3.341569 0.954734 0.005000 271.903100
-3.341569 1.432101 0.005000 277.070300
-2.864202 1.432101 0.005000 108.012850
-2.386835 1.432101 0.005000 53.304077
-1.909468 1.432101 0.005000 38.007080
-1.432101 1.432101 0.005000 27.088297
-0.954734 1.432101 0.005000 26.708338
-0.477367 1.432101 0.005000 24.961590
0.000000 1.432101 0.005000 31.302065
0.477367 1.432101 0.005000 25.549800
0.954734 1.432101 0.005000 25.051727
1.432101 1.432101 0.005000 28.228343
1.909468 1.432101 0.005000 32.714313
2.386835 1.432101 0.005000 51.442473
2.864202 1.432101 0.005000 108.635400
3.341569 1.432101 0.005000 280.356000
3.341569 1.909468 0.005000 277.655500
2.864202 1.909468 0.005000 116.593000
2.386835 1.909468 0.005000 69.575913
1.909468 1.909468 0.005000 40.838322
1.432101 1.909468 0.005000 36.561682
0.954734 1.909468 0.005000 37.812830
0.477367 1.909468 0.005000 31.433025
0.000000 1.909468 0.005000 29.395910
-0.477367 1.909468 0.005000 30.962230
-0.954734 1.909468 0.005000 34.258195
-1.432101 1.909468 0.005000 38.559110
-1.909468 1.909468 0.005000 47.146640
-2.386835 1.909468 0.005000 63.539588
-2.864202 1.909468 0.005000 119.030075
-3.341569 1.909468 0.005000 281.836150
-3.341569 2.386835 0.005000 298.313050
-2.864202 2.386835 0.005000 139.215775
-2.386835 2.386835 0.005000 79.761848
-1.909468 2.386835 0.005000 61.335710
-1.432101 2.386835 0.005000 51.028013
-0.954734 2.386835 0.005000 53.374565
-0.477367 2.386835 0.005000 52.290087
0.000000 2.386835 0.005000 51.765573
0.477367 2.386835 0.005000 52.369367
0.954734 2.386835 0.005000 57.543810
1.432101 2.386835 0.005000 62.944567
1.909468 2.386835 0.005000 69.543825
2.386835 2.386835 0.005000 82.205273
2.864202 2.386835 0.005000 131.156950
3.341569 2.386835 0.005000 295.392950
3.341569 2.864202 0.005000 318.834425
2.864202 2.864202 0.005000 182.024675
2.386835 2.864202 0.005000 127.507800
1.909468 2.864202 0.005000 122.405275
1.432101 2.864202 0.005000 112.735175
0.954734 2.864202 0.005000 104.609750
0.477367 2.864202 0.005000 111.548975
0.000000 2.864202 0.005000 108.568175
-0.477367 2.864202 0.005000 107.986775
-0.954734 2.864202 0.005000 109.290100
-1.432101 2.864202 0.005000 120.428950
-1.909468 2.864202 0.005000 117.950050
-2.386835 2.864202 0.005000 148.116500
-2.864202 2.864202 0.005000 187.997225
-3.341569 2.864202 0.005000 327.499825
-3.341569 3.341569 0.005000 426.268275
-2.864202 3.341569 0.005000 329.127550
-2.386835 3.341569 0.005000 292.059675
-1.909468 3.341569 0.005000 271.680025
-1.432101 3.341569 0.005000 272.582700
-0.954734 3.341569 0.005000 269.527300
-0.477367 3.341569 0.005000 266.292150
0.000000 3.341569 0.005000 262.069050
0.477367 3.341569 0.005000 268.723525
0.954734 3.341569 0.005000 269.622825
1.432101 3.341569 0.005000 276.170425
1.909468 3.341569 0.005000 278.752850
2.386835 3.341569 0.005000 296.230875
2.864202 3.341569 0.005000 336.022450
3.341569 3.341569 0.005000 425.551050
