-3.652600 -1.823800 0.005000 1.003321
-3.130800 -1.823800 0.005000 1.260470
-2.609000 -1.823800 0.005000 1.381824
-2.087200 -1.823800 0.005000 1.408991
-1.565400 -1.823800 0.005000 1.432104
-1.043600 -1.823800 0.005000 1.449122
-0.521800 -1.823800 0.005000 1.464319
0.000000 -1.823800 0.005000 1.450480
0.521800 -1.823800 0.005000 1.455748
1.043600 -1.823800 0.005000 1.453451
1.565400 -1.823800 0.005000 1.441054
2.087200 -1.823800 0.005000 1.428013
2.609000 -1.823800 0.005000 1.392001
3.130800 -1.823800 0.005000 1.281869
3.652600 -1.823800 0.005000 1.081491
3.652600 -1.563257 0.005000 1.379574
3.130800 -1.563257 0.005000 1.694444
2.609000 -1.563257 0.005000 1.799636
2.087200 -1.563257 0.005000 1.827299
1.565400 -1.563257 0.005000 1.845962
1.043600 -1.563257 0.005000 1.851007
0.521800 -1.563257 0.005000 1.845803
0.000000 -1.563257 0.005000 1.860212
-0.521800 -1.563257 0.005000 1.859486
-1.043600 -1.563257 0.005000 1.850611
-1.565400 -1.563257 0.005000 1.840751
-2.087200 -1.563257 0.005000 1.824438
-2.609000 -1.563257 0.005000 1.785198
-3.130800 -1.563257 0.005000 1.689454
-3.652600 -1.563257 0.005000 1.368067
-3.652600 -1.302714 0.005000 2.514154
-3.130800 -1.302714 0.005000 3.468414
-2.609000 -1.302714 0.005000 3.653795
-2.087200 -1.302714 0.005000 3.716646
-1.565400 -1.302714 0.005000 3.767746
-1.043600 -1.302714 0.005000 3.811854
-0.521800 -1.302714 0.005000 3.816295
0.000000 -1.302714 0.005000 3.833775
0.521800 -1.302714 0.005000 3.805016
1.043600 -1.302714 0.005000 3.803555
1.565400 -1.302714 0.005000 3.772291
2.087200 -1.302714 0.005000 3.705160
2.609000 -1.302714 0.005000 3.654219
3.130800 -1.302714 0.005000 3.506639
3.652600 -1.302714 0.005000 2.558127
3.652600 -1.042171 0.005000 4.150890
3.130800 -1.042171 0.005000 6.250835
2.609000 -1.042171 0.005000 6.477875
2.087200 -1.042171 0.005000 6.621048
1.565400 -1.042171 0.005000 6.748423
1.043600 -1.042171 0.005000 6.911828
0.521800 -1.042171 0.005000 6.964621
0.000000 -1.042171 0.005000 7.005700
-0.521800 -1.042171 0.005000 6.968260
-1.043600 -1.042171 0.005000 6.885168
-1.565400 -1.042171 0.005000 6.755161
-2.087200 -1.042171 0.005000 6.650589
-2.609000 -1.042171 0.005000 6.487018
-3.130800 -1.042171 0.005000 6.246260
-3.652600 -1.042171 0.005000 4.119692
-3.652600 -0.781629 0.005000 3.575482
-3.130800 -0.781629 0.005000 5.324384
-2.609000 -0.781629 0.005000 5.530397
-2.087200 -0.781629 0.005000 5.613731
-1.565400 -0.781629 0.005000 5.717964
-1.043600 -0.781629 0.005000 5.808672
-0.521800 -0.781629 0.005000 5.840293
0.000000 -0.781629 0.005000 5.852684
0.521800 -0.781629 0.005000 5.849824
1.043600 -0.781629 0.005000 5.781433
1.565400 -0.781629 0.005000 5.732162
2.087200 -0.781629 0.005000 5.611827
2.609000 -0.781629 0.005000 5.495328
3.130800 -0.781629 0.005000 5.332614
3.652600 -0.781629 0.005000 3.676070
3.652600 -0.521086 0.005000 2.065808
3.130800 -0.521086 0.005000 2.653029
2.609000 -0.521086 0.005000 2.766696
2.087200 -0.521086 0.005000 2.819282
1.565400 -0.521086 0.005000 2.840520
1.043600 -0.521086 0.005000 2.848031
0.521800 -0.521086 0.005000 2.855801
0.000000 -0.521086 0.005000 2.858820
-0.521800 -0.521086 0.005000 2.853594
-1.043600 -0.521086 0.005000 2.850642
-1.565400 -0.521086 0.005000 2.845743
-2.087200 -0.521086 0.005000 2.807465
-2.609000 -0.521086 0.005000 2.766954
-3.130800 -0.521086 0.005000 2.642084
-3.652600 -0.521086 0.005000 2.009569
-3.652600 -0.260543 0.005000 1.203446
-3.130800 -0.260543 0.005000 1.350775
-2.609000 -0.260543 0.005000 1.471009
-2.087200 -0.260543 0.005000 1.505221
-1.565400 -0.260543 0.005000 1.519123
-1.043600 -0.260543 0.005000 1.533884
-0.521800 -0.260543 0.005000 1.530080
0.000000 -0.260543 0.005000 1.534947
0.521800 -0.260543 0.005000 1.539168
1.043600 -0.260543 0.005000 1.532378
1.565400 -0.260543 0.005000 1.522947
2.087200 -0.260543 0.005000 1.515084
2.609000 -0.260543 0.005000 1.459388
3.130800 -0.260543 0.005000 1.365353
3.652600 -0.260543 0.005000 1.229759
3.652600 0.000000 0.005000 1.010552
3.130800 0.000000 0.005000 1.050320
2.609000 0.000000 0.005000 1.142751
2.087200 0.000000 0.005000 1.190400
1.565400 0.000000 0.005000 1.192398
1.043600 0.000000 0.005000 1.204413
0.521800 0.000000 0.005000 1.214356
0.000000 0.000000 0.005000 1.207285
-0.521800 0.000000 0.005000 1.202183
-1.043600 0.000000 0.005000 1.204173
-1.565400 0.000000 0.005000 1.194154
-2.087200 0.000000 0.005000 1.183260
-2.609000 0.000000 0.005000 1.145313
-3.130800 0.000000 0.005000 1.049607
-3.652600 0.000000 0.005000 0.988478
-3.652600 0.260543 0.005000 1.180421
-3.130800 0.260543 0.005000 1.320702
-2.609000 0.260543 0.005000 1.433509
-2.087200 0.260543 0.005000 1.479437
-1.565400 0.260543 0.005000 1.494701
-1.043600 0.260543 0.005000 1.508357
-0.521800 0.260543 0.005000 1.510458
0.000000 0.260543 0.005000 1.511857
0.521800 0.260543 0.005000 1.506406
1.043600 0.260543 0.005000 1.505606
1.565400 0.260543 0.005000 1.493249
2.087200 0.260543 0.005000 1.474156
2.609000 0.260543 0.005000 1.450990
3.130800 0.260543 0.005000 1.337287
3.652600 0.260543 0.005000 1.219086
3.652600 0.521086 0.005000 1.999913
3.130800 0.521086 0.005000 2.533856
2.609000 0.521086 0.005000 2.723178
2.087200 0.521086 0.005000 2.788004
1.565400 0.521086 0.005000 2.810103
1.043600 0.521086 0.005000 2.805759
0.521800 0.521086 0.005000 2.815899
0.000000 0.521086 0.005000 2.819142
-0.521800 0.521086 0.005000 2.810020
-1.043600 0.521086 0.005000 2.794200
-1.565400 0.521086 0.005000 2.780277
-2.087200 0.521086 0.005000 2.782738
-2.609000 0.521086 0.005000 2.727455
-3.130800 0.521086 0.005000 2.550331
-3.652600 0.521086 0.005000 1.999594
-3.652600 0.781629 0.005000 3.592606
-3.130800 0.781629 0.005000 5.285984
-2.609000 0.781629 0.005000 5.480151
-2.087200 0.781629 0.005000 5.602645
-1.565400 0.781629 0.005000 5.702084
-1.043600 0.781629 0.005000 5.767436
-0.521800 0.781629 0.005000 5.805269
0.000000 0.781629 0.005000 5.827427
0.521800 0.781629 0.005000 5.802759
1.043600 0.781629 0.005000 5.759601
1.565400 0.781629 0.005000 5.701990
2.087200 0.781629 0.005000 5.618525
2.609000 0.781629 0.005000 5.464898
3.130800 0.781629 0.005000 5.276438
3.652600 0.781629 0.005000 3.645449
3.652600 1.042171 0.005000 4.195964
3.130800 1.042171 0.005000 6.311703
2.609000 1.042171 0.005000 6.540511
2.087200 1.042171 0.005000 6.686097
1.565400 1.042171 0.005000 6.824804
1.043600 1.042171 0.005000 6.947724
0.521800 1.042171 0.005000 7.004808
0.000000 1.042171 0.005000 7.035417
-0.521800 1.042171 0.005000 6.994620
-1.043600 1.042171 0.005000 6.924513
-1.565400 1.042171 0.005000 6.796573
-2.087200 1.042171 0.005000 6.650195
-2.609000 1.042171 0.005000 6.516482
-3.130800 1.042171 0.005000 6.282962
-3.652600 1.042171 0.005000 4.197573
-3.652600 1.302714 0.005000 2.581640
-3.130800 1.302714 0.005000 3.556525
-2.609000 1.302714 0.005000 3.751656
-2.087200 1.302714 0.005000 3.765144
-1.565400 1.302714 0.005000 3.814618
-1.043600 1.302714 0.005000 3.835292
-0.521800 1.302714 0.005000 3.852908
0.000000 1.302714 0.005000 3.862803
0.521800 1.302714 0.005000 3.866994
1.043600 1.302714 0.005000 3.852053
1.565400 1.302714 0.005000 3.830392
2.087200 1.302714 0.005000 3.790837
2.609000 1.302714 0.005000 3.734879
3.130800 1.302714 0.005000 3.564635
3.652600 1.302714 0.005000 2.595058
3.652600 1.563257 0.005000 1.410597
3.130800 1.563257 0.005000 1.683728
2.609000 1.563257 0.005000 1.766814
2.087200 1.563257 0.005000 1.793076
1.565400 1.563257 0.005000 1.817978
1.043600 1.563257 0.005000 1.826013
0.521800 1.563257 0.005000 1.824125
0.000000 1.563257 0.005000 1.815464
-0.521800 1.563257 0.005000 1.805257
-1.043600 1.563257 0.005000 1.819427
-1.565400 1.563257 0.005000 1.807423
-2.087200 1.563257 0.005000 1.791235
-2.609000 1.563257 0.005000 1.773202
-3.130800 1.563257 0.005000 1.681135
-3.652600 1.563257 0.005000 1.403036
-3.652600 1.823800 0.005000 1.039934
-3.130800 1.823800 0.005000 1.322216
-2.609000 1.823800 0.005000 1.433266
-2.087200 1.823800 0.005000 1.482155
-1.565400 1.823800 0.005000 1.503100
-1.043600 1.823800 0.005000 1.505381
-0.521800 1.823800 0.005000 1.513253
0.000000 1.823800 0.005000 1.519873
0.521800 1.823800 0.005000 1.511806
1.043600 1.823800 0.005000 1.513322
1.565400 1.823800 0.005000 1.502763
2.087200 1.823800 0.005000 1.472723
2.609000 1.823800 0.005000 1.462999
3.130800 1.823800 0.005000 1.348480
3.652600 1.823800 0.005000 1.046700
