-1.823800 -1.823800 0.005000 0.346154
-1.563257 -1.823800 0.005000 0.348630
-1.302714 -1.823800 0.005000 0.429142
-1.042171 -1.823800 0.005000 0.528456
-0.781629 -1.823800 0.005000 0.637020
-0.521086 -1.823800 0.005000 0.722933
-0.260543 -1.823800 0.005000 0.776901
0.000000 -1.823800 0.005000 0.792024
0.260543 -1.823800 0.005000 0.778918
0.521086 -1.823800 0.005000 0.725706
0.781629 -1.823800 0.005000 0.638095
1.042171 -1.823800 0.005000 0.532643
1.302714 -1.823800 0.005000 0.428138
1.563257 -1.823800 0.005000 0.350880
1.823800 -1.823800 0.005000 0.353447
1.823800 -1.563257 0.005000 0.352059
1.563257 -1.563257 0.005000 0.329387
1.302714 -1.563257 0.005000 0.410523
1.042171 -1.563257 0.005000 0.539727
0.781629 -1.563257 0.005000 0.679929
0.521086 -1.563257 0.005000 0.784241
0.260543 -1.563257 0.005000 0.841351
0.000000 -1.563257 0.005000 0.860733
-0.260543 -1.563257 0.005000 0.842294
-0.521086 -1.563257 0.005000 0.779093
-0.781629 -1.563257 0.005000 0.675295
-1.042171 -1.563257 0.005000 0.536046
-1.302714 -1.563257 0.005000 0.409264
-1.563257 -1.563257 0.005000 0.328493
-1.823800 -1.563257 0.005000 0.353582
-1.823800 -1.302714 0.005000 0.426628
-1.563257 -1.302714 0.005000 0.409713
-1.302714 -1.302714 0.005000 0.578173
-1.042171 -1.302714 0.005000 0.890528
-0.781629 -1.302714 0.005000 1.266023
-0.521086 -1.302714 0.005000 1.501586
-0.260543 -1.302714 0.005000 1.607946
0.000000 -1.302714 0.005000 1.633889
0.260543 -1.302714 0.005000 1.614429
0.521086 -1.302714 0.005000 1.508123
0.781629 -1.302714 0.005000 1.276118
1.042171 -1.302714 0.005000 0.900747
1.302714 -1.302714 0.005000 0.576683
1.563257 -1.302714 0.005000 0.412164
1.823800 -1.302714 0.005000 0.427777
1.823800 -1.042171 0.005000 0.534228
1.563257 -1.042171 0.005000 0.538927
1.302714 -1.042171 0.005000 0.892083
1.042171 -1.042171 0.005000 1.774833
0.781629 -1.042171 0.005000 3.001840
0.521086 -1.042171 0.005000 3.505990
0.260543 -1.042171 0.005000 3.741169
0.000000 -1.042171 0.005000 3.672789
-0.260543 -1.042171 0.005000 3.721551
-0.521086 -1.042171 0.005000 3.473962
-0.781629 -1.042171 0.005000 2.969575
-1.042171 -1.042171 0.005000 1.767297
-1.302714 -1.042171 0.005000 0.890983
-1.563257 -1.042171 0.005000 0.533009
-1.823800 -1.042171 0.005000 0.530640
-1.823800 -0.781629 0.005000 0.642437
-1.563257 -0.781629 0.005000 0.675606
-1.302714 -0.781629 0.005000 1.260536
-1.042171 -0.781629 0.005000 2.991239
-0.781629 -0.781629 0.005000 5.934878
-0.521086 -0.781629 0.005000 6.417010
-0.260543 -0.781629 0.005000 6.878670
0.000000 -0.781629 0.005000 6.411156
0.260543 -0.781629 0.005000 6.880461
0.521086 -0.781629 0.005000 6.472085
0.781629 -0.781629 0.005000 5.972966
1.042171 -0.781629 0.005000 3.011256
1.302714 -0.781629 0.005000 1.268096
1.563257 -0.781629 0.005000 0.681165
1.823800 -0.781629 0.005000 0.642475
1.823800 -0.521086 0.005000 0.730634
1.563257 -0.521086 0.005000 0.781178
1.302714 -0.521086 0.005000 1.510775
1.042171 -0.521086 0.005000 3.507654
0.781629 -0.521086 0.005000 6.446337
0.521086 -0.521086 0.005000 6.588735
0.260543 -0.521086 0.005000 6.011956
0.000000 -0.521086 0.005000 5.529703
-0.260543 -0.521086 0.005000 5.985388
-0.521086 -0.521086 0.005000 6.525961
-0.781629 -0.521086 0.005000 6.406138
-1.042171 -0.521086 0.005000 3.463033
-1.302714 -0.521086 0.005000 1.500181
-1.563257 -0.521086 0.005000 0.782352
-1.823800 -0.521086 0.005000 0.726859
-1.823800 -0.260543 0.005000 0.780207
-1.563257 -0.260543 0.005000 0.841310
-1.302714 -0.260543 0.005000 1.605497
-1.042171 -0.260543 0.005000 3.720037
-0.781629 -0.260543 0.005000 6.871122
-0.521086 -0.260543 0.005000 6.018837
-0.260543 -0.260543 0.005000 4.052197
0.000000 -0.260543 0.005000 3.477586
0.260543 -0.260543 0.005000 4.039131
0.521086 -0.260543 0.005000 6.011328
0.781629 -0.260543 0.005000 6.892747
1.042171 -0.260543 0.005000 3.727757
1.302714 -0.260543 0.005000 1.609609
1.563257 -0.260543 0.005000 0.846638
1.823800 -0.260543 0.005000 0.781330
1.823800 0.000000 0.005000 0.799310
1.563257 0.000000 0.005000 0.861516
1.302714 0.000000 0.005000 1.630740
1.042171 0.000000 0.005000 3.669743
0.781629 0.000000 0.005000 6.437482
0.521086 0.000000 0.005000 5.516698
0.260543 0.000000 0.005000 3.473139
0.000000 0.000000 0.005000 2.856825
-0.260543 0.000000 0.005000 3.469340
-0.521086 0.000000 0.005000 5.512188
-0.781629 0.000000 0.005000 6.393373
-1.042171 0.000000 0.005000 3.652427
-1.302714 0.000000 0.005000 1.627026
-1.563257 0.000000 0.005000 0.860823
-1.823800 0.000000 0.005000 0.791442
-1.823800 0.260543 0.005000 0.779505
-1.563257 0.260543 0.005000 0.844673
-1.302714 0.260543 0.005000 1.610096
-1.042171 0.260543 0.005000 3.702042
-0.781629 0.260543 0.005000 6.875932
-0.521086 0.260543 0.005000 5.993510
-0.260543 0.260543 0.005000 4.022001
0.000000 0.260543 0.005000 3.470091
0.260543 0.260543 0.005000 4.022670
0.521086 0.260543 0.005000 5.995198
0.781629 0.260543 0.005000 6.879387
1.042171 0.260543 0.005000 3.701144
1.302714 0.260543 0.005000 1.605511
1.563257 0.260543 0.005000 0.842518
1.823800 0.260543 0.005000 0.783779
1.823800 0.521086 0.005000 0.731387
1.563257 0.521086 0.005000 0.781990
1.302714 0.521086 0.005000 1.503802
1.042171 0.521086 0.005000 3.475772
0.781629 0.521086 0.005000 6.452861
0.521086 0.521086 0.005000 6.520590
0.260543 0.521086 0.005000 5.969192
0.000000 0.521086 0.005000 5.525707
-0.260543 0.521086 0.005000 5.990570
-0.521086 0.521086 0.005000 6.520178
-0.781629 0.521086 0.005000 6.423436
-1.042171 0.521086 0.005000 3.480466
-1.302714 0.521086 0.005000 1.499660
-1.563257 0.521086 0.005000 0.779684
-1.823800 0.521086 0.005000 0.727545
-1.823800 0.781629 0.005000 0.643310
-1.563257 0.781629 0.005000 0.675460
-1.302714 0.781629 0.005000 1.257470
-1.042171 0.781629 0.005000 2.989191
-0.781629 0.781629 0.005000 5.936344
-0.521086 0.781629 0.005000 6.404579
-0.260543 0.781629 0.005000 6.866449
0.000000 0.781629 0.005000 6.404138
0.260543 0.781629 0.005000 6.871191
0.521086 0.781629 0.005000 6.440448
0.781629 0.781629 0.005000 5.925890
1.042171 0.781629 0.005000 2.984441
1.302714 0.781629 0.005000 1.267657
1.563257 0.781629 0.005000 0.676566
1.823800 0.781629 0.005000 0.636354
1.823800 1.042171 0.005000 0.533789
1.563257 1.042171 0.005000 0.540649
1.302714 1.042171 0.005000 0.892611
1.042171 1.042171 0.005000 1.750013
0.781629 1.042171 0.005000 2.992292
0.521086 1.042171 0.005000 3.482715
0.260543 1.042171 0.005000 3.705216
0.000000 1.042171 0.005000 3.654992
-0.260543 1.042171 0.005000 3.690617
-0.521086 1.042171 0.005000 3.493462
-0.781629 1.042171 0.005000 2.990513
-1.042171 1.042171 0.005000 1.756351
-1.302714 1.042171 0.005000 0.890711
-1.563257 1.042171 0.005000 0.538624
-1.823800 1.042171 0.005000 0.534367
-1.823800 1.302714 0.005000 0.428652
-1.563257 1.302714 0.005000 0.410401
-1.302714 1.302714 0.005000 0.578257
-1.042171 1.302714 0.005000 0.889662
-0.781629 1.302714 0.005000 1.264126
-0.521086 1.302714 0.005000 1.498797
-0.260543 1.302714 0.005000 1.610894
0.000000 1.302714 0.005000 1.635553
0.260543 1.302714 0.005000 1.605906
0.521086 1.302714 0.005000 1.497764
0.781629 1.302714 0.005000 1.267093
1.042171 1.302714 0.005000 0.892404
1.302714 1.302714 0.005000 0.576167
1.563257 1.302714 0.005000 0.410477
1.823800 1.302714 0.005000 0.431749
1.823800 1.563257 0.005000 0.354301
1.563257 1.563257 0.005000 0.332605
1.302714 1.563257 0.005000 0.409091
1.042171 1.563257 0.005000 0.538376
0.781629 1.563257 0.005000 0.677614
0.521086 1.563257 0.005000 0.782544
0.260543 1.563257 0.005000 0.840688
0.000000 1.563257 0.005000 0.860120
-0.260543 1.563257 0.005000 0.845718
-0.521086 1.563257 0.005000 0.779336
-0.781629 1.563257 0.005000 0.676637
-1.042171 1.563257 0.005000 0.539316
-1.302714 1.563257 0.005000 0.411267
-1.563257 1.563257 0.005000 0.329860
-1.823800 1.563257 0.005000 0.355981
-1.823800 1.823800 0.005000 0.365352
-1.563257 1.823800 0.005000 0.352673
-1.302714 1.823800 0.005000 0.429948
-1.042171 1.823800 0.005000 0.537990
-0.781629 1.823800 0.005000 0.643304
-0.521086 1.823800 0.005000 0.731817
-0.260543 1.823800 0.005000 0.773293
0.000000 1.823800 0.005000 0.800663
0.260543 1.823800 0.005000 0.782026
0.521086 1.823800 0.005000 0.729668
0.781629 1.823800 0.005000 0.637724
1.042171 1.823800 0.005000 0.532212
1.302714 1.823800 0.005000 0.427488
1.563257 1.823800 0.005000 0.350286
1.823800 1.823800 0.005000 0.358509
