-3.652600 -1.823800 0.005000 2.082280
-3.130800 -1.823800 0.005000 2.569705
-2.609000 -1.823800 0.005000 2.475447
-2.087200 -1.823800 0.005000 2.468783
-1.565400 -1.823800 0.005000 2.455897
-1.043600 -1.823800 0.005000 2.446069
-0.521800 -1.823800 0.005000 2.456539
0.000000 -1.823800 0.005000 2.431540
0.521800 -1.823800 0.005000 2.442505
1.043600 -1.823800 0.005000 2.443137
1.565400 -1.823800 0.005000 2.439554
2.087200 -1.823800 0.005000 2.467303
2.609000 -1.823800 0.005000 2.532573
3.130800 -1.823800 0.005000 2.551500
3.652600 -1.823800 0.005000 2.169932
3.652600 -1.563257 0.005000 3.557688
3.130800 -1.563257 0.005000 4.018655
2.609000 -1.563257 0.005000 3.891643
2.087200 -1.563257 0.005000 3.808060
1.565400 -1.563257 0.005000 3.793459
1.043600 -1.563257 0.005000 3.753950
0.521800 -1.563257 0.005000 3.742916
0.000000 -1.563257 0.005000 3.739853
-0.521800 -1.563257 0.005000 3.742668
-1.043600 -1.563257 0.005000 3.781868
-1.565400 -1.563257 0.005000 3.789215
-2.087200 -1.563257 0.005000 3.842124
-2.609000 -1.563257 0.005000 3.886388
-3.130800 -1.563257 0.005000 4.001891
-3.652600 -1.563257 0.005000 3.510294
-3.652600 -1.302714 0.005000 6.453616
-3.130800 -1.302714 0.005000 7.170922
-2.609000 -1.302714 0.005000 6.943549
-2.087200 -1.302714 0.005000 6.773861
-1.565400 -1.302714 0.005000 6.629535
-1.043600 -1.302714 0.005000 6.546424
-0.521800 -1.302714 0.005000 6.493384
0.000000 -1.302714 0.005000 6.500457
0.521800 -1.302714 0.005000 6.514509
1.043600 -1.302714 0.005000 6.568418
1.565400 -1.302714 0.005000 6.660831
2.087200 -1.302714 0.005000 6.796533
2.609000 -1.302714 0.005000 6.909152
3.130800 -1.302714 0.005000 7.089716
3.652600 -1.302714 0.005000 6.488046
3.652600 -1.042171 0.005000 5.724603
3.130800 -1.042171 0.005000 6.404542
2.609000 -1.042171 0.005000 6.178207
2.087200 -1.042171 0.005000 6.092931
1.565400 -1.042171 0.005000 6.010891
1.043600 -1.042171 0.005000 5.906922
0.521800 -1.042171 0.005000 5.833140
0.000000 -1.042171 0.005000 5.894897
-0.521800 -1.042171 0.005000 5.867548
-1.043600 -1.042171 0.005000 5.898021
-1.565400 -1.042171 0.005000 5.989205
-2.087200 -1.042171 0.005000 6.095757
-2.609000 -1.042171 0.005000 6.193949
-3.130800 -1.042171 0.005000 6.337611
-3.652600 -1.042171 0.005000 5.664042
-3.652600 -0.781629 0.005000 2.715635
-3.130800 -0.781629 0.005000 3.021610
-2.609000 -0.781629 0.005000 3.012303
-2.087200 -0.781629 0.005000 2.981925
-1.565400 -0.781629 0.005000 2.978783
-1.043600 -0.781629 0.005000 2.972351
-0.521800 -0.781629 0.005000 2.938636
0.000000 -0.781629 0.005000 2.955846
0.521800 -0.781629 0.005000 2.943096
1.043600 -0.781629 0.005000 2.952450
1.565400 -0.781629 0.005000 2.969196
2.087200 -0.781629 0.005000 2.987403
2.609000 -0.781629 0.005000 2.997440
3.130800 -0.781629 0.005000 3.082946
3.652600 -0.781629 0.005000 2.784851
3.652600 -0.521086 0.005000 1.399371
3.130800 -0.521086 0.005000 1.498482
2.609000 -0.521086 0.005000 1.511376
2.087200 -0.521086 0.005000 1.498849
1.565400 -0.521086 0.005000 1.500683
1.043600 -0.521086 0.005000 1.490951
0.521800 -0.521086 0.005000 1.491181
0.000000 -0.521086 0.005000 1.502033
-0.521800 -0.521086 0.005000 1.481306
-1.043600 -0.521086 0.005000 1.513159
-1.565400 -0.521086 0.005000 1.487825
-2.087200 -0.521086 0.005000 1.494944
-2.609000 -0.521086 0.005000 1.543872
-3.130800 -0.521086 0.005000 1.455194
-3.652600 -0.521086 0.005000 1.370474
-3.652600 -0.260543 0.005000 0.898340
-3.130800 -0.260543 0.005000 0.900943
-2.609000 -0.260543 0.005000 0.939770
-2.087200 -0.260543 0.005000 0.956188
-1.565400 -0.260543 0.005000 0.943138
-1.043600 -0.260543 0.005000 0.943939
-0.521800 -0.260543 0.005000 0.944692
0.000000 -0.260543 0.005000 0.935660
0.521800 -0.260543 0.005000 0.937757
1.043600 -0.260543 0.005000 0.939356
1.565400 -0.260543 0.005000 0.930582
2.087200 -0.260543 0.005000 1.007897
2.609000 -0.260543 0.005000 0.968092
3.130800 -0.260543 0.005000 0.926729
3.652600 -0.260543 0.005000 0.937556
3.652600 0.000000 0.005000 0.807072
3.130800 0.000000 0.005000 0.774212
2.609000 0.000000 0.005000 0.832271
2.087200 0.000000 0.005000 0.886989
1.565400 0.000000 0.005000 0.792659
1.043600 0.000000 0.005000 0.800978
0.521800 0.000000 0.005000 0.800640
0.000000 0.000000 0.005000 0.797016
-0.521800 0.000000 0.005000 0.807807
-1.043600 0.000000 0.005000 0.808470
-1.565400 0.000000 0.005000 0.807621
-2.087200 0.000000 0.005000 0.820394
-2.609000 0.000000 0.005000 0.803279
-3.130800 0.000000 0.005000 0.786742
-3.652600 0.000000 0.005000 0.776886
-3.652600 0.260543 0.005000 0.895620
-3.130800 0.260543 0.005000 0.896353
-2.609000 0.260543 0.005000 0.886156
-2.087200 0.260543 0.005000 0.918409
-1.565400 0.260543 0.005000 0.951416
-1.043600 0.260543 0.005000 0.925018
-0.521800 0.260543 0.005000 0.918650
0.000000 0.260543 0.005000 0.915935
0.521800 0.260543 0.005000 0.930651
1.043600 0.260543 0.005000 0.918566
1.565400 0.260543 0.005000 0.922384
2.087200 0.260543 0.005000 0.925607
2.609000 0.260543 0.005000 0.936088
3.130800 0.260543 0.005000 0.878238
3.652600 0.260543 0.005000 0.925160
3.652600 0.521086 0.005000 1.385154
3.130800 0.521086 0.005000 1.484267
2.609000 0.521086 0.005000 1.468234
2.087200 0.521086 0.005000 1.446898
1.565400 0.521086 0.005000 1.436152
1.043600 0.521086 0.005000 1.438637
0.521800 0.521086 0.005000 1.443262
0.000000 0.521086 0.005000 1.434257
-0.521800 0.521086 0.005000 1.437623
-1.043600 0.521086 0.005000 1.445919
-1.565400 0.521086 0.005000 1.470734
-2.087200 0.521086 0.005000 1.441485
-2.609000 0.521086 0.005000 1.410527
-3.130800 0.521086 0.005000 1.464623
-3.652600 0.521086 0.005000 1.367715
-3.652600 0.781629 0.005000 2.691747
-3.130800 0.781629 0.005000 2.964245
-2.609000 0.781629 0.005000 2.949413
-2.087200 0.781629 0.005000 2.960230
-1.565400 0.781629 0.005000 2.927902
-1.043600 0.781629 0.005000 2.911937
-0.521800 0.781629 0.005000 2.917221
0.000000 0.781629 0.005000 2.888600
0.521800 0.781629 0.005000 2.910502
1.043600 0.781629 0.005000 2.927205
1.565400 0.781629 0.005000 2.934146
2.087200 0.781629 0.005000 2.976251
2.609000 0.781629 0.005000 2.959243
3.130800 0.781629 0.005000 3.057071
3.652600 0.781629 0.005000 2.760634
3.652600 1.042171 0.005000 5.713771
3.130800 1.042171 0.005000 6.371392
2.609000 1.042171 0.005000 6.048464
2.087200 1.042171 0.005000 5.993968
1.565400 1.042171 0.005000 5.893822
1.043600 1.042171 0.005000 5.829395
0.521800 1.042171 0.005000 5.774636
0.000000 1.042171 0.005000 5.781039
-0.521800 1.042171 0.005000 5.765257
-1.043600 1.042171 0.005000 5.840126
-1.565400 1.042171 0.005000 5.922761
-2.087200 1.042171 0.005000 6.008943
-2.609000 1.042171 0.005000 6.056314
-3.130800 1.042171 0.005000 6.260420
-3.652600 1.042171 0.005000 5.668122
-3.652600 1.302714 0.005000 6.453364
-3.130800 1.302714 0.005000 7.204352
-2.609000 1.302714 0.005000 6.947201
-2.087200 1.302714 0.005000 6.905257
-1.565400 1.302714 0.005000 6.761688
-1.043600 1.302714 0.005000 6.588568
-0.521800 1.302714 0.005000 6.560690
0.000000 1.302714 0.005000 6.539252
0.521800 1.302714 0.005000 6.582383
1.043600 1.302714 0.005000 6.618195
1.565400 1.302714 0.005000 6.748617
2.087200 1.302714 0.005000 6.879908
2.609000 1.302714 0.005000 6.991462
3.130800 1.302714 0.005000 7.231025
3.652600 1.302714 0.005000 6.516536
3.652600 1.563257 0.005000 3.574775
3.130800 1.563257 0.005000 4.039176
2.609000 1.563257 0.005000 3.833130
2.087200 1.563257 0.005000 3.755487
1.565400 1.563257 0.005000 3.725098
1.043600 1.563257 0.005000 3.677252
0.521800 1.563257 0.005000 3.678870
0.000000 1.563257 0.005000 3.689920
-0.521800 1.563257 0.005000 3.674774
-1.043600 1.563257 0.005000 3.687934
-1.565400 1.563257 0.005000 3.740041
-2.087200 1.563257 0.005000 3.805054
-2.609000 1.563257 0.005000 3.788491
-3.130800 1.563257 0.005000 4.087498
-3.652600 1.563257 0.005000 3.549020
-3.652600 1.823800 0.005000 2.125427
-3.130800 1.823800 0.005000 2.605517
-2.609000 1.823800 0.005000 2.596822
-2.087200 1.823800 0.005000 2.565584
-1.565400 1.823800 0.005000 2.525678
-1.043600 1.823800 0.005000 2.530143
-0.521800 1.823800 0.005000 2.536383
0.000000 1.823800 0.005000 2.540333
0.521800 1.823800 0.005000 2.538653
1.043600 1.823800 0.005000 2.545346
1.565400 1.823800 0.005000 2.624626
2.087200 1.823800 0.005000 2.593557
2.609000 1.823800 0.005000 2.586092
3.130800 1.823800 0.005000 2.649146
3.652600 1.823800 0.005000 2.281713
