-3.341569 -3.341569 0.005000 419.940850
-2.864202 -3.341569 0.005000 327.213925
-2.386835 -3.341569 0.005000 293.266200
-1.909468 -3.341569 0.005000 273.255550
-1.432101 -3.341569 0.005000 270.058775
-0.954734 -3.341569 0.005000 272.064750
-0.477367 -3.341569 0.005000 271.392275
0.000000 -3.341569 0.005000 263.148500
0.477367 -3.341569 0.005000 267.888325
0.954734 -3.341569 0.005000 269.935550
1.432101 -3.341569 0.005000 269.917550
1.909468 -3.341569 0.005000 279.854700
2.386835 -3.341569 0.005000 283.536250
2.864202 -3.341569 0.005000 334.994975
3.341569 -3.341569 0.005000 413.815825
3.341569 -2.864202 0.005000 319.787675
2.864202 -2.864202 0.005000 180.074125
2.386835 -2.864202 0.005000 136.406075
1.909468 -2.864202 0.005000 115.986350
1.432101 -2.864202 0.005000 113.573850
0.954734 -2.864202 0.005000 116.196525
0.477367 -2.864202 0.005000 110.880225
0.000000 -2.864202 0.005000 106.495700
-0.477367 -2.864202 0.005000 110.480675
-0.954734 -2.864202 0.005000 107.237250
-1.432101 -2.864202 0.005000 107.054450
-1.909468 -2.864202 0.005000 123.410600
-2.386835 -2.864202 0.005000 131.714750
-2.864202 -2.864202 0.005000 186.255275
-3.341569 -2.864202 0.005000 323.615250
-3.341569 -2.386835 0.005000 282.358625
-2.864202 -2.386835 0.005000 134.000875
-2.386835 -2.386835 0.005000 82.669987
-1.909468 -2.386835 0.005000 65.833625
-1.432101 -2.386835 0.005000 58.190917
-0.954734 -2.386835 0.005000 55.211880
-0.477367 -2.386835 0.005000 54.728172
0.000000 -2.386835 0.005000 50.139785
0.477367 -2.386835 0.005000 51.764495
0.954734 -2.386835 0.005000 48.193893
1.432101 -2.386835 0.005000 51.688645
1.909468 -2.386835 0.005000 62.233117
2.386835 -2.386835 0.005000 76.142855
2.864202 -2.386835 0.005000 134.421100
3.341569 -2.386835 0.005000 287.444525
3.341569 -1.909468 0.005000 268.449625
2.864202 -1.909468 0.005000 123.171575
2.386835 -1.909468 0.005000 63.206193
1.909468 -1.909468 0.005000 41.280620
1.432101 -1.909468 0.005000 40.039723
0.954734 -1.909468 0.005000 33.666370
0.477367 -1.909468 0.005000 31.743655
0.000000 -1.909468 0.005000 31.902117
-0.477367 -1.909468 0.005000 30.494878
-0.954734 -1.909468 0.005000 32.047430
-1.432101 -1.909468 0.005000 38.072200
-1.909468 -1.909468 0.005000 48.212708
-2.386835 -1.909468 0.005000 59.597690
-2.864202 -1.909468 0.005000 116.059600
-3.341569 -1.909468 0.005000 279.114225
-3.341569 -1.432101 0.005000 267.483650
-2.864202 -1.432101 0.005000 115.205475
-2.386835 -1.432101 0.005000 55.234483
-1.909468 -1.432101 0.005000 39.880730
-1.432101 -1.432101 0.005000 30.353773
-0.954734 -1.432101 0.005000 24.982475
-0.477367 -1.432101 0.005000 25.512460
0.000000 -1.432101 0.005000 26.924485
0.477367 -1.432101 0.005000 26.940147
0.954734 -1.432101 0.005000 23.814290
1.432101 -1.432101 0.005000 30.536985
1.909468 -1.432101 0.005000 40.343645
2.386835 -1.432101 0.005000 58.315428
2.864202 -1.432101 0.005000 110.220025
3.341569 -1.432101 0.005000 269.695200
3.341569 -0.954734 0.005000 261.586200
2.864202 -0.954734 0.005000 107.412700
2.386835 -0.954734 0.005000 48.634633
1.909468 -0.954734 0.005000 34.709582
1.432101 -0.954734 0.005000 23.646745
0.954734 -0.954734 0.005000 24.495005
0.477367 -0.954734 0.005000 22.254413
0.000000 -0.954734 0.005000 24.099092
-0.477367 -0.954734 0.005000 21.477265
-0.954734 -0.954734 0.005000 22.137735
-1.432101 -0.954734 0.005000 25.974060
-1.909468 -0.954734 0.005000 37.415352
-2.386835 -0.954734 0.005000 50.179117
-2.864202 -0.954734 0.005000 109.258625
-3.341569 -0.954734 0.005000 277.409175
-3.341569 -0.477367 0.005000 258.635150
-2.864202 -0.477367 0.005000 121.935375
-2.386835 -0.477367 0.005000 48.519465
-1.909468 -0.477367 0.005000 30.324765
-1.432101 -0.477367 0.005000 25.760955
-0.954734 -0.477367 0.005000 20.916095
-0.477367 -0.477367 0.005000 21.400945
0.000000 -0.477367 0.005000 22.198745
0.477367 -0.477367 0.005000 24.178380
0.954734 -0.477367 0.005000 20.726802
1.432101 -0.477367 0.005000 26.721168
1.909468 -0.477367 0.005000 30.859288
2.386835 -0.477367 0.005000 47.450095
2.864202 -0.477367 0.005000 115.455150
3.341569 -0.477367 0.005000 259.774350
3.341569 0.000000 0.005000 269.652575
2.864202 0.000000 0.005000 112.583400
2.386835 0.000000 0.005000 51.637745
1.909468 0.000000 0.005000 31.624447
1.432101 0.000000 0.005000 24.138707
0.954734 0.000000 0.005000 21.037240
0.477367 0.000000 0.005000 25.529712
0.000000 0.000000 0.005000 24.043780
-0.477367 0.000000 0.005000 21.502837
-0.954734 0.000000 0.005000 23.812047
-1.432101 0.000000 0.005000 24.841718
-1.909468 0.000000 0.005000 32.890050
-2.386835 0.000000 0.005000 55.343447
-2.864202 0.000000 0.005000 107.754125
-3.341569 0.000000 0.005000 267.618900
-3.341569 0.477367 0.005000 265.531475
-2.864202 0.477367 0.005000 103.269600
-2.386835 0.477367 0.005000 47.135317
-1.909468 0.477367 0.005000 34.731897
-1.432101 0.477367 0.005000 25.828735
-0.954734 0.477367 0.005000 23.364232
-0.477367 0.477367 0.005000 23.655528
0.000000 0.477367 0.005000 21.123313
0.477367 0.477367 0.005000 23.614977
0.954734 0.477367 0.005000 21.885635
1.432101 0.477367 0.005000 23.379615
1.909468 0.477367 0.005000 33.225085
2.386835 0.477367 0.005000 51.041237
2.864202 0.477367 0.005000 106.518175
3.341569 0.477367 0.005000 266.223875
3.341569 0.954734 0.005000 267.429300
2.864202 0.954734 0.005000 106.881025
2.386835 0.954734 0.005000 54.069452
1.909468 0.954734 0.005000 32.218818
1.432101 0.954734 0.005000 22.813735
0.954734 0.954734 0.005000 29.322582
0.477367 0.954734 0.005000 20.507283
0.000000 0.954734 0.005000 23.017920
-0.477367 0.954734 0.005000 24.423312
-0.954734 0.954734 0.005000 24.955912
-1.432101 0.954734 0.005000 25.305285
-1.909468 0.954734 0.005000 33.300647
-2.386835 0.954734 0.005000 61.208708
-2.864202 0.954734 0.005000 108.686975
-3.341569 0.954734 0.005000 264.752725
-3.341569 1.432101 0.005000 265.550575
-2.864202 1.432101 0.005000 111.021650
-2.386835 1.432101 0.005000 60.276525
-1.909468 1.432101 0.005000 34.902015
-1.432101 1.432101 0.005000 28.778257
-0.954734 1.432101 0.005000 26.108897
-0.477367 1.432101 0.005000 24.215142
0.000000 1.432101 0.005000 23.965225
0.477367 1.432101 0.005000 23.693110
0.954734 1.432101 0.005000 24.836930
1.432101 1.432101 0.005000 27.269600
1.909468 1.432101 0.005000 40.290298
2.386835 1.432101 0.005000 54.577897
2.864202 1.432101 0.005000 112.395350
3.341569 1.432101 0.005000 275.074725
3.341569 1.909468 0.005000 270.153750
2.864202 1.909468 0.005000 118.069700
2.386835 1.909468 0.005000 63.733448
1.909468 1.909468 0.005000 43.489125
1.432101 1.909468 0.005000 39.386948
0.954734 1.909468 0.005000 29.683675
0.477367 1.909468 0.005000 33.943417
0.000000 1.909468 0.005000 30.490612
-0.477367 1.909468 0.005000 33.434133
-0.954734 1.909468 0.005000 36.112548
-1.432101 1.909468 0.005000 37.810808
-1.909468 1.909468 0.005000 48.468852
-2.386835 1.909468 0.005000 59.759867
-2.864202 1.909468 0.005000 123.124875
-3.341569 1.909468 0.005000 272.132375
-3.341569 2.386835 0.005000 285.043650
-2.864202 2.386835 0.005000 136.347875
-2.386835 2.386835 0.005000 75.371007
-1.909468 2.386835 0.005000 59.273973
-1.432101 2.386835 0.005000 59.862567
-0.954734 2.386835 0.005000 54.275923
-0.477367 2.386835 0.005000 49.739090
0.000000 2.386835 0.005000 53.015500
0.477367 2.386835 0.005000 49.120368
0.954734 2.386835 0.005000 48.509240
1.432101 2.386835 0.005000 49.799393
1.909468 2.386835 0.005000 61.578415
2.386835 2.386835 0.005000 73.933480
2.864202 2.386835 0.005000 134.588000
3.341569 2.386835 0.005000 280.682000
3.341569 2.864202 0.005000 333.145650
2.864202 2.864202 0.005000 191.342275
2.386835 2.864202 0.005000 135.350750
1.909468 2.864202 0.005000 119.152875
1.432101 2.864202 0.005000 108.998425
0.954734 2.864202 0.005000 109.789150
0.477367 2.864202 0.005000 108.584450
0.000000 2.864202 0.005000 106.929200
-0.477367 2.864202 0.005000 105.181175
-0.954734 2.864202 0.005000 109.047175
-1.432101 2.864202 0.005000 111.575475
-1.909468 2.864202 0.005000 112.485725
-2.386835 2.864202 0.005000 139.946075
-2.864202 2.864202 0.005000 176.538600
-3.341569 2.864202 0.005000 326.259225
-3.341569 3.341569 0.005000 424.532750
-2.864202 3.341569 0.005000 321.816300
-2.386835 3.341569 0.005000 293.746325
-1.909468 3.341569 0.005000 275.085975
-1.432101 3.341569 0.005000 274.961950
-0.954734 3.341569 0.005000 271.620175
-0.477367 3.341569 0.005000 268.106800
0.000000 3.341569 0.005000 257.765950
0.477367 3.341569 0.005000 269.861400
0.954734 3.341569 0.005000 270.443400
1.432101 3.341569 0.005000 270.724150
1.909468 3.341569 0.005000 266.426550
2.386835 3.341569 0.005000 280.534350
2.864202 3.341569 0.005000 326.398925
3.341569 3.341569 0.005000 419.403575
