-1.823800 -1.823800 0.005000 0.088619
-1.563257 -1.823800 0.005000 0.086299
-1.302714 -1.823800 0.005000 0.100396
-1.042171 -1.823800 0.005000 0.120675
-0.781629 -1.823800 0.005000 0.144565
-0.521086 -1.823800 0.005000 0.167964
-0.260543 -1.823800 0.005000 0.182504
0.000000 -1.823800 0.005000 0.190898
0.260543 -1.823800 0.005000 0.186232
0.521086 -1.823800 0.005000 0.167108
0.781629 -1.823800 0.005000 0.145993
1.042171 -1.823800 0.005000 0.120813
1.302714 -1.823800 0.005000 0.100793
1.563257 -1.823800 0.005000 0.086567
1.823800 -1.823800 0.005000 0.089280
1.823800 -1.563257 0.005000 0.086840
1.563257 -1.563257 0.005000 0.075285
1.302714 -1.563257 0.005000 0.084051
1.042171 -1.563257 0.005000 0.100886
0.781629 -1.563257 0.005000 0.123928
0.521086 -1.563257 0.005000 0.146796
0.260543 -1.563257 0.005000 0.165203
0.000000 -1.563257 0.005000 0.170669
-0.260543 -1.563257 0.005000 0.164266
-0.521086 -1.563257 0.005000 0.146765
-0.781629 -1.563257 0.005000 0.122733
-1.042171 -1.563257 0.005000 0.101174
-1.302714 -1.563257 0.005000 0.084360
-1.563257 -1.563257 0.005000 0.074213
-1.823800 -1.563257 0.005000 0.086388
-1.823800 -1.302714 0.005000 0.100955
-1.563257 -1.302714 0.005000 0.084213
-1.302714 -1.302714 0.005000 0.099345
-1.042171 -1.302714 0.005000 0.127956
-0.781629 -1.302714 0.005000 0.169365
-0.521086 -1.302714 0.005000 0.217403
-0.260543 -1.302714 0.005000 0.258581
0.000000 -1.302714 0.005000 0.273865
0.260543 -1.302714 0.005000 0.259491
0.521086 -1.302714 0.005000 0.218542
0.781629 -1.302714 0.005000 0.170221
1.042171 -1.302714 0.005000 0.128431
1.302714 -1.302714 0.005000 0.099582
1.563257 -1.302714 0.005000 0.085135
1.823800 -1.302714 0.005000 0.101014
1.823800 -1.042171 0.005000 0.121589
1.563257 -1.042171 0.005000 0.101421
1.302714 -1.042171 0.005000 0.128766
1.042171 -1.042171 0.005000 0.184671
0.781629 -1.042171 0.005000 0.279876
0.521086 -1.042171 0.005000 0.407810
0.260543 -1.042171 0.005000 0.523572
0.000000 -1.042171 0.005000 0.569099
-0.260543 -1.042171 0.005000 0.522170
-0.521086 -1.042171 0.005000 0.406350
-0.781629 -1.042171 0.005000 0.278390
-1.042171 -1.042171 0.005000 0.185233
-1.302714 -1.042171 0.005000 0.128230
-1.563257 -1.042171 0.005000 0.101567
-1.823800 -1.042171 0.005000 0.120690
-1.823800 -0.781629 0.005000 0.145993
-1.563257 -0.781629 0.005000 0.123869
-1.302714 -0.781629 0.005000 0.169481
-1.042171 -0.781629 0.005000 0.278934
-0.781629 -0.781629 0.005000 0.504741
-0.521086 -0.781629 0.005000 0.877874
-0.260543 -0.781629 0.005000 1.270841
0.000000 -0.781629 0.005000 1.410005
0.260543 -0.781629 0.005000 1.267260
0.521086 -0.781629 0.005000 0.876769
0.781629 -0.781629 0.005000 0.502805
1.042171 -0.781629 0.005000 0.278979
1.302714 -0.781629 0.005000 0.170334
1.563257 -0.781629 0.005000 0.123269
1.823800 -0.781629 0.005000 0.145052
1.823800 -0.521086 0.005000 0.168535
1.563257 -0.521086 0.005000 0.147412
1.302714 -0.521086 0.005000 0.217240
1.042171 -0.521086 0.005000 0.406838
0.781629 -0.521086 0.005000 0.878783
0.521086 -0.521086 0.005000 1.978465
0.260543 -0.521086 0.005000 3.340137
0.000000 -0.521086 0.005000 3.616806
-0.260543 -0.521086 0.005000 3.352915
-0.521086 -0.521086 0.005000 1.976040
-0.781629 -0.521086 0.005000 0.881478
-1.042171 -0.521086 0.005000 0.406875
-1.302714 -0.521086 0.005000 0.218576
-1.563257 -0.521086 0.005000 0.146804
-1.823800 -0.521086 0.005000 0.169389
-1.823800 -0.260543 0.005000 0.186461
-1.563257 -0.260543 0.005000 0.164407
-1.302714 -0.260543 0.005000 0.258033
-1.042171 -0.260543 0.005000 0.523002
-0.781629 -0.260543 0.005000 1.266858
-0.521086 -0.260543 0.005000 3.351349
-0.260543 -0.260543 0.005000 6.406075
0.000000 -0.260543 0.005000 6.684916
0.260543 -0.260543 0.005000 6.414306
0.521086 -0.260543 0.005000 3.352255
0.781629 -0.260543 0.005000 1.275759
1.042171 -0.260543 0.005000 0.524153
1.302714 -0.260543 0.005000 0.258091
1.563257 -0.260543 0.005000 0.164709
1.823800 -0.260543 0.005000 0.187941
1.823800 0.000000 0.005000 0.193325
1.563257 0.000000 0.005000 0.171024
1.302714 0.000000 0.005000 0.274089
1.042171 0.000000 0.005000 0.565831
0.781629 0.000000 0.005000 1.403859
0.521086 0.000000 0.005000 3.617918
0.260543 0.000000 0.005000 6.679223
0.000000 0.000000 0.005000 7.199897
-0.260543 0.000000 0.005000 6.686692
-0.521086 0.000000 0.005000 3.624016
-0.781629 0.000000 0.005000 1.405863
-1.042171 0.000000 0.005000 0.569205
-1.302714 0.000000 0.005000 0.273648
-1.563257 0.000000 0.005000 0.170628
-1.823800 0.000000 0.005000 0.191535
-1.823800 0.260543 0.005000 0.185712
-1.563257 0.260543 0.005000 0.165457
-1.302714 0.260543 0.005000 0.257531
-1.042171 0.260543 0.005000 0.523116
-0.781629 0.260543 0.005000 1.269884
-0.521086 0.260543 0.005000 3.354323
-0.260543 0.260543 0.005000 6.390551
0.000000 0.260543 0.005000 6.670047
0.260543 0.260543 0.005000 6.403991
0.521086 0.260543 0.005000 3.356707
0.781629 0.260543 0.005000 1.272025
1.042171 0.260543 0.005000 0.524653
1.302714 0.260543 0.005000 0.257743
1.563257 0.260543 0.005000 0.165094
1.823800 0.260543 0.005000 0.186112
1.823800 0.521086 0.005000 0.170129
1.563257 0.521086 0.005000 0.147297
1.302714 0.521086 0.005000 0.217153
1.042171 0.521086 0.005000 0.406020
0.781629 0.521086 0.005000 0.880025
0.521086 0.521086 0.005000 1.981015
0.260543 0.521086 0.005000 3.359758
0.000000 0.521086 0.005000 3.638019
-0.260543 0.521086 0.005000 3.359377
-0.521086 0.521086 0.005000 1.979731
-0.781629 0.521086 0.005000 0.881623
-1.042171 0.521086 0.005000 0.406468
-1.302714 0.521086 0.005000 0.218291
-1.563257 0.521086 0.005000 0.147101
-1.823800 0.521086 0.005000 0.168239
-1.823800 0.781629 0.005000 0.145478
-1.563257 0.781629 0.005000 0.123603
-1.302714 0.781629 0.005000 0.170828
-1.042171 0.781629 0.005000 0.280382
-0.781629 0.781629 0.005000 0.500673
-0.521086 0.781629 0.005000 0.878141
-0.260543 0.781629 0.005000 1.265309
0.000000 0.781629 0.005000 1.398702
0.260543 0.781629 0.005000 1.264056
0.521086 0.781629 0.005000 0.880921
0.781629 0.781629 0.005000 0.505016
1.042171 0.781629 0.005000 0.279622
1.302714 0.781629 0.005000 0.170188
1.563257 0.781629 0.005000 0.124318
1.823800 0.781629 0.005000 0.146140
1.823800 1.042171 0.005000 0.122331
1.563257 1.042171 0.005000 0.102129
1.302714 1.042171 0.005000 0.127693
1.042171 1.042171 0.005000 0.185940
0.781629 1.042171 0.005000 0.279707
0.521086 1.042171 0.005000 0.405521
0.260543 1.042171 0.005000 0.523812
0.000000 1.042171 0.005000 0.568292
-0.260543 1.042171 0.005000 0.523052
-0.521086 1.042171 0.005000 0.406598
-0.781629 1.042171 0.005000 0.280955
-1.042171 1.042171 0.005000 0.186328
-1.302714 1.042171 0.005000 0.127720
-1.563257 1.042171 0.005000 0.101399
-1.823800 1.042171 0.005000 0.121951
-1.823800 1.302714 0.005000 0.101327
-1.563257 1.302714 0.005000 0.084398
-1.302714 1.302714 0.005000 0.098920
-1.042171 1.302714 0.005000 0.128952
-0.781629 1.302714 0.005000 0.170402
-0.521086 1.302714 0.005000 0.218426
-0.260543 1.302714 0.005000 0.257911
0.000000 1.302714 0.005000 0.273737
0.260543 1.302714 0.005000 0.258988
0.521086 1.302714 0.005000 0.217826
0.781629 1.302714 0.005000 0.169176
1.042171 1.302714 0.005000 0.128197
1.302714 1.302714 0.005000 0.099318
1.563257 1.302714 0.005000 0.085012
1.823800 1.302714 0.005000 0.100685
1.823800 1.563257 0.005000 0.087238
1.563257 1.563257 0.005000 0.075090
1.302714 1.563257 0.005000 0.084353
1.042171 1.563257 0.005000 0.102328
0.781629 1.563257 0.005000 0.125159
0.521086 1.563257 0.005000 0.147811
0.260543 1.563257 0.005000 0.165066
0.000000 1.563257 0.005000 0.172849
-0.260543 1.563257 0.005000 0.165757
-0.521086 1.563257 0.005000 0.147117
-0.781629 1.563257 0.005000 0.123903
-1.042171 1.563257 0.005000 0.101423
-1.302714 1.563257 0.005000 0.084966
-1.563257 1.563257 0.005000 0.075674
-1.823800 1.563257 0.005000 0.087402
-1.823800 1.823800 0.005000 0.088942
-1.563257 1.823800 0.005000 0.087092
-1.302714 1.823800 0.005000 0.101254
-1.042171 1.823800 0.005000 0.122194
-0.781629 1.823800 0.005000 0.145065
-0.521086 1.823800 0.005000 0.169902
-0.260543 1.823800 0.005000 0.186470
0.000000 1.823800 0.005000 0.191544
0.260543 1.823800 0.005000 0.185907
0.521086 1.823800 0.005000 0.167906
0.781629 1.823800 0.005000 0.146853
1.042171 1.823800 0.005000 0.122457
1.302714 1.823800 0.005000 0.101908
1.563257 1.823800 0.005000 0.087409
1.823800 1.823800 0.005000 0.092256
