-3.341569 -3.341569 0.005000 419.191150
-2.864202 -3.341569 0.005000 326.821250
-2.386835 -3.341569 0.005000 289.650650
-1.909468 -3.341569 0.005000 267.411175
-1.432101 -3.341569 0.005000 273.525350
-0.954734 -3.341569 0.005000 269.453425
-0.477367 -3.341569 0.005000 266.944925
0.000000 -3.341569 0.005000 271.147750
0.477367 -3.341569 0.005000 263.569425
0.954734 -3.341569 0.005000 263.048975
1.432101 -3.341569 0.005000 269.323525
1.909468 -3.341569 0.005000 276.681625
2.386835 -3.341569 0.005000 283.682325
2.864202 -3.341569 0.005000 315.991275
3.341569 -3.341569 0.005000 420.113550
3.341569 -2.864202 0.005000 331.588800
2.864202 -2.864202 0.005000 182.556500
2.386835 -2.864202 0.005000 131.921575
1.909468 -2.864202 0.005000 117.727825
1.432101 -2.864202 0.005000 106.089750
0.954734 -2.864202 0.005000 107.637025
0.477367 -2.864202 0.005000 105.278950
0.000000 -2.864202 0.005000 107.908600
-0.477367 -2.864202 0.005000 107.710175
-0.954734 -2.864202 0.005000 102.409150
-1.432101 -2.864202 0.005000 111.491800
-1.909468 -2.864202 0.005000 115.159050
-2.386835 -2.864202 0.005000 137.161475
-2.864202 -2.864202 0.005000 184.766875
-3.341569 -2.864202 0.005000 333.090275
-3.341569 -2.386835 0.005000 287.011050
-2.864202 -2.386835 0.005000 138.198050
-2.386835 -2.386835 0.005000 81.843632
-1.909468 -2.386835 0.005000 62.766335
-1.432101 -2.386835 0.005000 55.247355
-0.954734 -2.386835 0.005000 53.434005
-0.477367 -2.386835 0.005000 52.359603
0.000000 -2.386835 0.005000 51.159475
0.477367 -2.386835 0.005000 48.799930
0.954734 -2.386835 0.005000 56.016495
1.432101 -2.386835 0.005000 57.803510
1.909468 -2.386835 0.005000 61.287462
2.386835 -2.386835 0.005000 84.100908
2.864202 -2.386835 0.005000 134.255300
3.341569 -2.386835 0.005000 283.461175
3.341569 -1.909468 0.005000 269.446750
2.864202 -1.909468 0.005000 118.188425
2.386835 -1.909468 0.005000 67.354230
1.909468 -1.909468 0.005000 39.033265
1.432101 -1.909468 0.005000 33.511677
0.954734 -1.909468 0.005000 35.273215
0.477367 -1.909468 0.005000 31.870690
0.000000 -1.909468 0.005000 37.673997
-0.477367 -1.909468 0.005000 32.987160
-0.954734 -1.909468 0.005000 38.428687
-1.432101 -1.909468 0.005000 38.493895
-1.909468 -1.909468 0.005000 43.943930
-2.386835 -1.909468 0.005000 61.404905
-2.864202 -1.909468 0.005000 112.135825
-3.341569 -1.909468 0.005000 272.526650
-3.341569 -1.432101 0.005000 266.466700
-2.864202 -1.432101 0.005000 116.806075
-2.386835 -1.432101 0.005000 55.842625
-1.909468 -1.432101 0.005000 34.176750
-1.432101 -1.432101 0.005000 30.856460
-0.954734 -1.432101 0.005000 27.703193
-0.477367 -1.432101 0.005000 24.758237
0.000000 -1.432101 0.005000 26.869205
0.477367 -1.432101 0.005000 28.957213
0.954734 -1.432101 0.005000 24.742843
1.432101 -1.432101 0.005000 30.500763
1.909468 -1.432101 0.005000 36.308885
2.386835 -1.432101 0.005000 54.676383
2.864202 -1.432101 0.005000 104.436200
3.341569 -1.432101 0.005000 260.332675
3.341569 -0.954734 0.005000 268.498600
2.864202 -0.954734 0.005000 112.604850
2.386835 -0.954734 0.005000 54.906095
1.909468 -0.954734 0.005000 33.890145
1.432101 -0.954734 0.005000 29.822335
0.954734 -0.954734 0.005000 22.958240
0.477367 -0.954734 0.005000 20.882822
0.000000 -0.954734 0.005000 22.369185
-0.477367 -0.954734 0.005000 21.069843
-0.954734 -0.954734 0.005000 21.182437
-1.432101 -0.954734 0.005000 22.973097
-1.909468 -0.954734 0.005000 28.929002
-2.386835 -0.954734 0.005000 50.500348
-2.864202 -0.954734 0.005000 110.772450
-3.341569 -0.954734 0.005000 268.178975
-3.341569 -0.477367 0.005000 258.518650
-2.864202 -0.477367 0.005000 105.079500
-2.386835 -0.477367 0.005000 49.088852
-1.909468 -0.477367 0.005000 32.960577
-1.432101 -0.477367 0.005000 26.346798
-0.954734 -0.477367 0.005000 21.238975
-0.477367 -0.477367 0.005000 21.125277
0.000000 -0.477367 0.005000 21.544372
0.477367 -0.477367 0.005000 19.676420
0.954734 -0.477367 0.005000 24.762142
1.432101 -0.477367 0.005000 27.309200
1.909468 -0.477367 0.005000 34.294475
2.386835 -0.477367 0.005000 51.881020
2.864202 -0.477367 0.005000 111.198600
3.341569 -0.477367 0.005000 265.369425
3.341569 0.000000 0.005000 270.461300
2.864202 0.000000 0.005000 104.284900
2.386835 0.000000 0.005000 50.938842
1.909468 0.000000 0.005000 31.553867
1.432101 0.000000 0.005000 26.327333
0.954734 0.000000 0.005000 22.713938
0.477367 0.000000 0.005000 23.177350
0.000000 0.000000 0.005000 20.856997
-0.477367 0.000000 0.005000 21.288255
-0.954734 0.000000 0.005000 21.996650
-1.432101 0.000000 0.005000 24.260822
-1.909468 0.000000 0.005000 29.615833
-2.386835 0.000000 0.005000 48.247560
-2.864202 0.000000 0.005000 112.786625
-3.341569 0.000000 0.005000 268.785500
-3.341569 0.477367 0.005000 263.653200
-2.864202 0.477367 0.005000 105.215300
-2.386835 0.477367 0.005000 50.829123
-1.909468 0.477367 0.005000 29.293653
-1.432101 0.477367 0.005000 25.137085
-0.954734 0.477367 0.005000 19.896050
-0.477367 0.477367 0.005000 21.857875
0.000000 0.477367 0.005000 20.903060
0.477367 0.477367 0.005000 20.725033
0.954734 0.477367 0.005000 21.437580
1.432101 0.477367 0.005000 26.902698
1.909468 0.477367 0.005000 30.233042
2.386835 0.477367 0.005000 51.744723
2.864202 0.477367 0.005000 106.183350
3.341569 0.477367 0.005000 266.223600
3.341569 0.954734 0.005000 273.020850
2.864202 0.954734 0.005000 112.138100
2.386835 0.954734 0.005000 56.895378
1.909468 0.954734 0.005000 30.960578
1.432101 0.954734 0.005000 26.156005
0.954734 0.954734 0.005000 25.297777
0.477367 0.954734 0.005000 20.402365
0.000000 0.954734 0.005000 22.522950
-0.477367 0.954734 0.005000 21.126593
-0.954734 0.954734 0.005000 24.749948
-1.432101 0.954734 0.005000 28.194723
-1.909468 0.954734 0.005000 34.139497
-2.386835 0.954734 0.005000 52.838002
-2.864202 0.954734 0.005000 109.445500
-3.341569 0.954734 0.005000 271.547900
-3.341569 1.432101 0.005000 277.388425
-2.864202 1.432101 0.005000 104.477475
-2.386835 1.432101 0.005000 54.051868
-1.909468 1.432101 0.005000 37.037013
-1.432101 1.432101 0.005000 27.585942
-0.954734 1.432101 0.005000 24.353665
-0.477367 1.432101 0.005000 22.098443
0.000000 1.432101 0.005000 24.671608
0.477367 1.432101 0.005000 22.799170
0.954734 1.432101 0.005000 27.601695
1.432101 1.432101 0.005000 27.151367
1.909468 1.432101 0.005000 36.583610
2.386835 1.432101 0.005000 49.135745
2.864202 1.432101 0.005000 112.488175
3.341569 1.432101 0.005000 258.817200
3.341569 1.909468 0.005000 271.455625
2.864202 1.909468 0.005000 122.152425
2.386835 1.909468 0.005000 59.178528
1.909468 1.909468 0.005000 42.980028
1.432101 1.909468 0.005000 40.118228
0.954734 1.909468 0.005000 29.376440
0.477367 1.909468 0.005000 32.263520
0.000000 1.909468 0.005000 30.446075
-0.477367 1.909468 0.005000 31.372522
-0.954734 1.909468 0.005000 39.954550
-1.432101 1.909468 0.005000 33.404355
-1.909468 1.909468 0.005000 43.957693
-2.386835 1.909468 0.005000 64.383098
-2.864202 1.909468 0.005000 117.069700
-3.341569 1.909468 0.005000 276.975400
-3.341569 2.386835 0.005000 288.940100
-2.864202 2.386835 0.005000 135.400025
-2.386835 2.386835 0.005000 82.204450
-1.909468 2.386835 0.005000 60.597220
-1.432101 2.386835 0.005000 55.982483
-0.954734 2.386835 0.005000 56.838165
-0.477367 2.386835 0.005000 53.138908
0.000000 2.386835 0.005000 54.040135
0.477367 2.386835 0.005000 49.853535
0.954734 2.386835 0.005000 50.472453
1.432101 2.386835 0.005000 53.610523
1.909468 2.386835 0.005000 62.429535
2.386835 2.386835 0.005000 83.001942
2.864202 2.386835 0.005000 133.000550
3.341569 2.386835 0.005000 289.730325
3.341569 2.864202 0.005000 333.912675
2.864202 2.864202 0.005000 180.262050
2.386835 2.864202 0.005000 140.745025
1.909468 2.864202 0.005000 109.702850
1.432101 2.864202 0.005000 115.516100
0.954734 2.864202 0.005000 113.082325
0.477367 2.864202 0.005000 106.310675
0.000000 2.864202 0.005000 101.925125
-0.477367 2.864202 0.005000 107.253725
-0.954734 2.864202 0.005000 101.505227
-1.432101 2.864202 0.005000 106.568425
-1.909468 2.864202 0.005000 116.547825
-2.386835 2.864202 0.005000 131.984400
-2.864202 2.864202 0.005000 170.950250
-3.341569 2.864202 0.005000 337.594975
-3.341569 3.341569 0.005000 422.087700
-2.864202 3.341569 0.005000 324.751975
-2.386835 3.341569 0.005000 295.380750
-1.909468 3.341569 0.005000 278.268475
-1.432101 3.341569 0.005000 271.729725
-0.954734 3.341569 0.005000 264.865200
-0.477367 3.341569 0.005000 267.411200
0.000000 3.341569 0.005000 268.252400
0.477367 3.341569 0.005000 268.128425
0.954734 3.341569 0.005000 268.502025
1.432101 3.341569 0.005000 263.335075
1.909468 3.341569 0.005000 272.963075
2.386835 3.341569 0.005000 290.053750
2.864202 3.341569 0.005000 321.667100
3.341569 3.341569 0.005000 420.042925
